11	Proband 1	(-3,6, -0,4, -19,7)	0
11	Proband 1	(-3,6, -0,4, -19,7)	0,009
11	Proband 1	(-3,7, -0,4, -19,6)	0,046
11	Proband 1	(-3,8, -0,4, -19,6)	0,058
11	Proband 1	(-3,8, -0,4, -19,6)	0,062
11	Proband 1	(-3,8, -0,4, -19,6)	0,074
11	Proband 1	(-3,8, -0,4, -19,6)	0,096
11	Proband 1	(-3,8, -0,5, -19,6)	0,108
11	Proband 1	(-3,8, -0,5, -19,6)	0,118
11	Proband 1	(-3,8, -0,5, -19,6)	0,128
11	Proband 1	(-3,9, -0,6, -19,6)	0,14
11	Proband 1	(-3,9, -0,6, -19,6)	0,151
11	Proband 1	(-3,9, -0,6, -19,6)	0,162
11	Proband 1	(-3,9, -0,7, -19,6)	0,174
11	Proband 1	(-3,8, -0,9, -19,6)	0,205
11	Proband 1	(-3,7, -1,0, -19,6)	0,221
11	Proband 1	(-3,8, -1,0, -19,6)	0,228
11	Proband 1	(-3,7, -1,0, -19,6)	0,239
11	Proband 1	(-3,7, -1,0, -19,6)	0,251
11	Proband 1	(-3,6, -1,1, -19,6)	0,262
11	Proband 1	(-3,5, -1,1, -19,6)	0,274
11	Proband 1	(-3,5, -1,1, -19,6)	0,284
11	Proband 1	(-3,4, -1,1, -19,6)	0,295
11	Proband 1	(-3,3, -1,1, -19,7)	0,307
11	Proband 1	(-3,3, -1,1, -19,7)	0,317
11	Proband 1	(-3,3, -1,1, -19,7)	0,329
11	Proband 1	(-3,2, -1,1, -19,7)	0,34
11	Proband 1	(-3,1, -1,1, -19,7)	0,35
11	Proband 1	(-3,1, -1,1, -19,7)	0,362
11	Proband 1	(-3,0, -1,1, -19,7)	0,373
11	Proband 1	(-3,0, -1,1, -19,7)	0,384
11	Proband 1	(-2,9, -1,0, -19,7)	0,395
11	Proband 1	(-2,9, -1,0, -19,7)	0,407
11	Proband 1	(-2,8, -1,0, -19,8)	0,418
11	Proband 1	(-2,8, -1,0, -19,8)	0,429
11	Proband 1	(-2,7, -1,0, -19,8)	0,44
11	Proband 1	(-2,7, -1,0, -19,8)	0,452
11	Proband 1	(-2,6, -1,0, -19,8)	0,461
11	Proband 1	(-2,4, -1,0, -19,8)	0,472
11	Proband 1	(-2,3, -0,9, -19,8)	0,484
11	Proband 1	(-2,1, -0,9, -19,8)	0,495
11	Proband 1	(1,4, -0,3, -19,9)	0,506
11	Proband 1	(-1,5, -0,8, -19,9)	0,517
11	Proband 1	(-1,3, -0,8, -19,9)	0,529
11	Proband 1	(-1,0, -0,7, -19,9)	0,54
11	Proband 1	(-0,8, -0,7, -19,9)	0,551
11	Proband 1	(-0,5, -0,7, -19,9)	0,561
11	Proband 1	(-0,2, -0,6, -19,9)	0,573
11	Proband 1	(0,0, -0,6, -19,9)	0,584
11	Proband 1	(0,3, -0,6, -19,9)	0,596
11	Proband 1	(0,5, -0,5, -19,9)	0,607
11	Proband 1	(0,7, -0,5, -19,9)	0,617
11	Proband 1	(1,0, -0,4, -19,9)	0,628
11	Proband 1	(1,2, -0,4, -19,9)	0,64
11	Proband 1	(1,5, -0,4, -19,9)	0,651
11	Proband 1	(1,7, -0,3, -19,9)	0,661
11	Proband 1	(1,8, -0,3, -19,9)	0,673
11	Proband 1	(2,1, -0,3, -19,8)	0,684
11	Proband 1	(2,5, -0,3, -19,8)	0,695
11	Proband 1	(2,9, -0,2, -19,7)	0,705
11	Proband 1	(3,4, -0,2, -19,7)	0,717
11	Proband 1	(4,0, -0,2, -19,6)	0,728
11	Proband 1	(4,7, -0,1, -19,4)	0,74
11	Proband 1	(6,0, -0,1, -19,0)	0,761
11	Proband 1	(7,6, 0,0, -18,4)	0,784
11	Proband 1	(8,3, 0,0, -18,1)	0,795
11	Proband 1	(9,1, 0,0, -17,6)	0,806
11	Proband 1	(10,5, 0,0, -16,8)	0,829
11	Proband 1	(11,2, -0,1, -16,4)	0,839
11	Proband 1	(11,8, 0,0, -16,0)	0,851
11	Proband 1	(12,3, 0,0, -15,5)	0,863
11	Proband 1	(12,9, 0,0, -15,1)	0,876
11	Proband 1	(13,3, 0,0, -14,7)	0,887
11	Proband 1	(13,8, 0,0, -14,3)	0,9
11	Proband 1	(14,1, 0,0, -14,0)	0,911
11	Proband 1	(14,3, 0,1, -13,8)	0,922
11	Proband 1	(14,6, 0,1, -13,5)	0,934
11	Proband 1	(14,8, 0,1, -13,3)	0,944
11	Proband 1	(15,0, 0,1, -13,1)	0,956
11	Proband 1	(15,1, 0,1, -12,9)	0,966
11	Proband 1	(15,3, 0,0, -12,7)	0,977
11	Proband 1	(15,4, 0,0, -12,5)	0,989
11	Proband 1	(15,5, 0,0, -12,5)	1
11	Proband 1	(15,6, -0,1, -12,4)	1,011
11	Proband 1	(15,6, -0,1, -12,4)	1,022
11	Proband 1	(15,6, -0,2, -12,3)	1,033
11	Proband 1	(15,7, -0,2, -12,2)	1,044
11	Proband 1	(15,7, -0,2, -12,2)	1,055
11	Proband 1	(15,8, -0,2, -12,0)	1,067
11	Proband 1	(16,0, -0,3, -11,9)	1,077
11	Proband 1	(16,1, -0,3, -11,7)	1,09
11	Proband 1	(16,2, -0,3, -11,6)	1,1
11	Proband 1	(16,3, -0,3, -11,5)	1,111
11	Proband 1	(16,3, -0,3, -11,4)	1,121
11	Proband 1	(16,4, -0,3, -11,3)	1,133
11	Proband 1	(16,4, -0,3, -11,3)	1,144
11	Proband 1	(16,4, -0,3, -11,3)	1,155
11	Proband 1	(16,5, -0,3, -11,2)	1,167
11	Proband 1	(16,5, -0,3, -11,2)	1,177
11	Proband 1	(16,5, -0,3, -11,2)	1,189
11	Proband 1	(16,5, -0,3, -11,2)	1,2
11	Proband 1	(16,5, -0,3, -11,2)	1,21
11	Proband 1	(16,5, -0,3, -11,3)	1,221
11	Proband 1	(16,5, -0,3, -11,3)	1,233
11	Proband 1	(16,5, -0,3, -11,3)	1,244
11	Proband 1	(16,5, -0,3, -11,3)	1,255
11	Proband 1	(16,5, -0,3, -11,3)	1,266
11	Proband 1	(16,5, -0,3, -11,3)	1,277
11	Proband 1	(16,5, -0,3, -11,3)	1,289
11	Proband 1	(16,5, -0,3, -11,3)	1,299
11	Proband 1	(16,5, -0,3, -11,3)	1,311
11	Proband 1	(16,5, -0,2, -11,3)	1,322
11	Proband 1	(16,5, -0,2, -11,3)	1,333
11	Proband 1	(16,5, -0,2, -11,3)	1,343
11	Proband 1	(16,5, -0,2, -11,2)	1,356
11	Proband 1	(16,5, -0,2, -11,2)	1,366
11	Proband 1	(16,5, -0,2, -11,2)	1,377
11	Proband 1	(16,5, 0,1, -11,3)	1,389
11	Proband 1	(16,5, -0,2, -11,3)	1,401
11	Proband 1	(16,5, -0,2, -11,3)	1,41
11	Proband 1	(16,5, -0,2, -11,3)	1,421
11	Proband 1	(16,5, -0,2, -11,3)	1,433
11	Proband 1	(16,5, -0,2, -11,3)	1,444
11	Proband 1	(16,5, -0,2, -11,3)	1,455
11	Proband 1	(16,5, -0,2, -11,3)	1,466
11	Proband 1	(16,5, -0,2, -11,3)	1,478
11	Proband 1	(16,4, -0,2, -11,4)	1,489
11	Proband 1	(16,4, -0,2, -11,4)	1,5
11	Proband 1	(16,4, -0,2, -11,4)	1,512
11	Proband 1	(16,4, -0,2, -11,4)	1,521
11	Proband 1	(16,4, -0,2, -11,4)	1,532
11	Proband 1	(16,4, -0,1, -11,4)	1,544
11	Proband 1	(16,4, -0,1, -11,4)	1,556
11	Proband 1	(16,4, -0,1, -11,4)	1,567
11	Proband 1	(16,4, -0,1, -11,5)	1,577
11	Proband 1	(16,3, -0,2, -11,5)	1,589
11	Proband 1	(16,3, -0,2, -11,6)	1,6
11	Proband 1	(16,3, -0,2, -11,6)	1,611
11	Proband 1	(16,2, -0,2, -11,7)	1,622
11	Proband 1	(16,2, -0,2, -11,7)	1,633
11	Proband 1	(16,2, -0,2, -11,7)	1,644
11	Proband 1	(16,2, -0,3, -11,8)	1,655
11	Proband 1	(16,1, -0,3, -11,8)	1,666
11	Proband 1	(16,1, -0,3, -11,9)	1,678
11	Proband 1	(16,1, -0,3, -11,9)	1,688
11	Proband 1	(16,0, -0,3, -11,9)	1,7
11	Proband 1	(16,0, -0,2, -12,0)	1,711
11	Proband 1	(16,0, -0,2, -12,0)	1,722
11	Proband 1	(16,0, -0,2, -12,0)	1,733
11	Proband 1	(16,0, -0,2, -12,0)	1,744
11	Proband 1	(16,0, -0,2, -12,1)	1,755
11	Proband 1	(15,9, -0,2, -12,1)	1,766
11	Proband 1	(15,9, -0,2, -12,1)	1,778
11	Proband 1	(15,9, -0,2, -12,1)	1,788
11	Proband 1	(15,9, -0,2, -12,1)	1,799
11	Proband 1	(15,9, -0,2, -12,1)	1,81
11	Proband 1	(15,9, -0,2, -12,2)	1,822
11	Proband 1	(15,9, -0,2, -12,2)	1,833
11	Proband 1	(15,9, -0,2, -12,2)	1,844
11	Proband 1	(15,9, -0,2, -12,2)	1,855
11	Proband 1	(15,8, -0,2, -12,2)	1,866
11	Proband 1	(15,8, -0,2, -12,2)	1,878
11	Proband 1	(15,8, -0,2, -12,2)	1,889
11	Proband 1	(15,8, -0,2, -12,2)	1,9
11	Proband 1	(15,8, -0,2, -12,2)	1,911
11	Proband 1	(15,8, -0,2, -12,2)	1,921
11	Proband 1	(15,8, -0,2, -12,2)	1,933
11	Proband 1	(15,8, -0,2, -12,2)	1,943
11	Proband 1	(15,8, -0,2, -12,2)	1,956
11	Proband 1	(15,8, -0,2, -12,2)	1,967
11	Proband 1	(15,8, -0,2, -12,2)	1,977
11	Proband 1	(15,8, -0,2, -12,2)	1,988
11	Proband 1	(15,8, -0,2, -12,2)	2
11	Proband 1	(15,8, -0,2, -12,2)	2,011
11	Proband 1	(15,8, -0,2, -12,2)	2,022
11	Proband 1	(15,8, -0,2, -12,2)	2,033
11	Proband 1	(15,8, -0,2, -12,2)	2,044
11	Proband 1	(15,8, -0,3, -12,3)	2,055
11	Proband 1	(15,8, -0,3, -12,3)	2,066
11	Proband 1	(15,8, -0,3, -12,3)	2,078
11	Proband 1	(15,8, -0,3, -12,3)	2,088
11	Proband 1	(15,8, -0,3, -12,3)	2,099
11	Proband 1	(15,7, -0,3, -12,3)	2,111
11	Proband 1	(15,7, -0,3, -12,3)	2,122
11	Proband 1	(15,7, -0,3, -12,3)	2,133
11	Proband 1	(15,7, -0,3, -12,4)	2,143
11	Proband 1	(15,7, -0,4, -12,4)	2,154
11	Proband 1	(15,7, -0,4, -12,4)	2,166
11	Proband 1	(15,7, -0,4, -12,4)	2,177
11	Proband 1	(15,7, -0,4, -12,4)	2,188
11	Proband 1	(15,7, -0,4, -12,4)	2,199
11	Proband 1	(15,7, -0,4, -12,4)	2,21
11	Proband 1	(15,7, -0,4, -12,4)	2,222
11	Proband 1	(15,7, -0,4, -12,4)	2,233
11	Proband 1	(15,7, -0,4, -12,4)	2,244
11	Proband 1	(15,6, -0,4, -12,5)	2,255
11	Proband 1	(15,6, -0,4, -12,5)	2,266
11	Proband 1	(15,6, -0,4, -12,5)	2,277
11	Proband 1	(15,6, -0,4, -12,5)	2,288
11	Proband 1	(15,6, -0,4, -12,6)	2,3
11	Proband 1	(15,5, -0,4, -12,6)	2,311
11	Proband 1	(15,5, -0,4, -12,6)	2,322
11	Proband 1	(15,5, -0,4, -12,6)	2,333
11	Proband 1	(15,5, -0,4, -12,6)	2,344
11	Proband 1	(15,5, -0,4, -12,7)	2,356
11	Proband 1	(15,5, -0,4, -12,7)	2,366
11	Proband 1	(15,5, -0,4, -12,7)	2,377
11	Proband 1	(15,4, -0,4, -12,7)	2,388
11	Proband 1	(15,4, -0,4, -12,7)	2,4
11	Proband 1	(15,4, -0,4, -12,7)	2,41
11	Proband 1	(15,4, -0,4, -12,7)	2,421
11	Proband 1	(15,4, -0,4, -12,7)	2,433
11	Proband 1	(15,4, -0,4, -12,7)	2,443
11	Proband 1	(15,4, -0,4, -12,7)	2,455
11	Proband 1	(15,4, -0,4, -12,7)	2,466
11	Proband 1	(15,4, -0,4, -12,7)	2,477
11	Proband 1	(15,4, -0,4, -12,7)	2,488
11	Proband 1	(15,4, -0,4, -12,7)	2,5
11	Proband 1	(15,4, -0,4, -12,7)	2,51
11	Proband 1	(15,4, -0,4, -12,7)	2,522
11	Proband 1	(15,4, -0,4, -12,8)	2,532
11	Proband 1	(15,4, -0,4, -12,8)	2,543
11	Proband 1	(15,4, -0,4, -12,8)	2,555
11	Proband 1	(15,4, -0,4, -12,8)	2,566
11	Proband 1	(15,4, -0,4, -12,8)	2,577
11	Proband 1	(15,4, -0,4, -12,8)	2,588
11	Proband 1	(15,4, -0,4, -12,8)	2,599
11	Proband 1	(15,4, -0,4, -12,8)	2,61
11	Proband 1	(15,4, -0,4, -12,8)	2,622
11	Proband 1	(15,3, -0,4, -12,8)	2,633
11	Proband 1	(15,3, -0,4, -12,8)	2,643
11	Proband 1	(15,3, -0,4, -12,8)	2,655
11	Proband 1	(15,3, -0,4, -12,8)	2,666
11	Proband 1	(15,3, -0,4, -12,9)	2,677
11	Proband 1	(15,3, -0,4, -12,9)	2,687
11	Proband 1	(15,3, -0,4, -12,9)	2,699
11	Proband 1	(15,3, -0,4, -12,9)	2,71
11	Proband 1	(15,3, -0,4, -12,9)	2,721
11	Proband 1	(15,3, -0,4, -12,9)	2,732
11	Proband 1	(15,3, -0,4, -12,9)	2,743
11	Proband 1	(15,2, -0,4, -12,9)	2,755
11	Proband 1	(15,2, -0,4, -12,9)	2,766
11	Proband 1	(15,2, -0,4, -13,0)	2,777
11	Proband 1	(15,2, -0,4, -13,0)	2,788
11	Proband 1	(15,2, -0,4, -13,0)	2,799
11	Proband 1	(15,2, -0,4, -13,0)	2,81
11	Proband 1	(15,2, -0,4, -13,0)	2,822
11	Proband 1	(15,2, -0,4, -13,0)	2,833
11	Proband 1	(15,1, -0,4, -13,1)	2,844
11	Proband 1	(15,1, -0,4, -13,1)	2,854
11	Proband 1	(15,0, -0,4, -13,2)	2,865
11	Proband 1	(14,9, -0,4, -13,3)	2,877
11	Proband 1	(14,9, -0,4, -13,4)	2,888
11	Proband 1	(14,8, -0,4, -13,4)	2,899
11	Proband 1	(14,8, -0,4, -13,5)	2,91
11	Proband 1	(14,7, -0,4, -13,6)	2,921
11	Proband 1	(14,6, -0,4, -13,6)	2,932
11	Proband 1	(14,6, -0,4, -13,6)	2,943
11	Proband 1	(14,6, -0,4, -13,7)	2,954
11	Proband 1	(14,5, -0,4, -13,7)	2,965
11	Proband 1	(14,5, -0,4, -13,8)	2,977
11	Proband 1	(14,4, -0,5, -13,8)	2,988
11	Proband 1	(14,4, -0,5, -13,9)	3
11	Proband 1	(14,4, -0,5, -13,9)	3,01
11	Proband 1	(14,3, -0,5, -14,0)	3,021
11	Proband 1	(14,3, -0,5, -14,0)	3,033
11	Proband 1	(14,2, -0,5, -14,0)	3,043
11	Proband 1	(14,2, -0,5, -14,1)	3,054
11	Proband 1	(14,2, -0,5, -14,1)	3,066
11	Proband 1	(14,2, -0,5, -14,1)	3,077
11	Proband 1	(14,1, -0,5, -14,1)	3,088
11	Proband 1	(14,1, -0,5, -14,2)	3,1
11	Proband 1	(14,1, -0,5, -14,2)	3,11
11	Proband 1	(14,0, -0,5, -14,2)	3,121
11	Proband 1	(14,0, -0,5, -14,2)	3,132
11	Proband 1	(14,0, -0,5, -14,3)	3,143
11	Proband 1	(14,0, -0,5, -14,3)	3,154
11	Proband 1	(13,9, -0,6, -14,3)	3,166
11	Proband 1	(13,9, -0,6, -14,3)	3,177
11	Proband 1	(13,9, -0,6, -14,4)	3,187
11	Proband 1	(13,9, -0,6, -14,4)	3,199
11	Proband 1	(13,9, -0,6, -14,4)	3,21
11	Proband 1	(13,8, -0,6, -14,4)	3,221
11	Proband 1	(13,8, -0,6, -14,4)	3,233
11	Proband 1	(13,8, -0,6, -14,5)	3,244
11	Proband 1	(13,8, -0,6, -14,5)	3,255
11	Proband 1	(13,8, -0,6, -14,5)	3,265
11	Proband 1	(13,7, -0,6, -14,5)	3,277
11	Proband 1	(13,7, -0,6, -14,5)	3,287
11	Proband 1	(13,7, -0,6, -14,5)	3,299
11	Proband 1	(13,7, -0,6, -14,6)	3,311
11	Proband 1	(13,6, -0,7, -14,6)	3,321
11	Proband 1	(13,5, -0,7, -14,7)	3,332
11	Proband 1	(13,4, -0,7, -14,8)	3,344
11	Proband 1	(13,0, -0,8, -15,1)	3,355
11	Proband 1	(12,8, -0,8, -15,3)	3,366
11	Proband 1	(12,4, -0,8, -15,5)	3,377
11	Proband 1	(11,8, -0,8, -15,8)	3,388
11	Proband 1	(11,5, -0,8, -16,0)	3,399
11	Proband 1	(11,2, -0,9, -16,3)	3,41
11	Proband 1	(10,7, -0,9, -16,6)	3,421
11	Proband 1	(10,3, -0,9, -16,7)	3,432
11	Proband 1	(10,0, -0,9, -16,9)	3,443
11	Proband 1	(9,6, -0,9, -17,2)	3,454
11	Proband 1	(9,3, -0,9, -17,4)	3,466
11	Proband 1	(9,0, -0,9, -17,5)	3,477
11	Proband 1	(8,7, -1,0, -17,6)	3,488
11	Proband 1	(8,3, -1,0, -17,9)	3,499
11	Proband 1	(8,0, -1,0, -18,0)	3,51
11	Proband 1	(7,7, -1,0, -18,2)	3,522
11	Proband 1	(7,4, -1,0, -18,3)	3,532
11	Proband 1	(7,2, -1,0, -18,4)	3,544
11	Proband 1	(6,9, -1,0, -18,5)	3,555
11	Proband 1	(6,7, -1,0, -18,6)	3,566
11	Proband 1	(6,4, -1,0, -18,7)	3,577
11	Proband 1	(6,2, -1,1, -18,8)	3,588
11	Proband 1	(6,0, -1,1, -18,9)	3,598
11	Proband 1	(5,7, -1,1, -19,0)	3,61
11	Proband 1	(5,6, -1,1, -19,0)	3,621
11	Proband 1	(5,4, -1,1, -19,1)	3,633
11	Proband 1	(5,2, -1,1, -19,1)	3,643
11	Proband 1	(5,1, -1,1, -19,2)	3,654
11	Proband 1	(4,9, -1,1, -19,2)	3,665
11	Proband 1	(4,7, -1,1, -19,3)	3,677
11	Proband 1	(4,6, -1,1, -19,3)	3,687
11	Proband 1	(4,4, -1,1, -19,4)	3,699
11	Proband 1	(4,2, -1,1, -19,4)	3,71
11	Proband 1	(3,9, -1,1, -19,5)	3,72
11	Proband 1	(3,7, -1,1, -19,5)	3,732
11	Proband 1	(3,5, -1,1, -19,6)	3,743
11	Proband 1	(3,4, -1,1, -19,6)	3,754
11	Proband 1	(3,2, -1,1, -19,6)	3,766
11	Proband 1	(3,1, -1,1, -19,7)	3,776
11	Proband 1	(3,0, -1,1, -19,7)	3,788
11	Proband 1	(2,9, -1,2, -19,7)	3,799
11	Proband 1	(2,8, -1,2, -19,7)	3,81
11	Proband 1	(2,8, -1,2, -19,7)	3,821
11	Proband 1	(2,7, -1,2, -19,7)	3,833
11	Proband 1	(2,7, -1,2, -19,7)	3,843
11	Proband 1	(2,7, -1,2, -19,7)	3,854
11	Proband 1	(2,6, -1,2, -19,7)	3,867
11	Proband 1	(2,6, -1,2, -19,8)	3,877
11	Proband 1	(2,6, -1,2, -19,8)	3,887
11	Proband 1	(2,6, -1,2, -19,8)	3,9
11	Proband 1	(2,6, -1,2, -19,8)	3,91
11	Proband 1	(2,6, -1,2, -19,8)	3,921
11	Proband 1	(2,6, -1,2, -19,8)	3,932
11	Proband 1	(2,5, -1,2, -19,8)	3,944
11	Proband 1	(2,6, -1,2, -19,8)	3,955
11	Proband 1	(2,6, -1,2, -19,8)	3,966
11	Proband 1	(2,6, -1,2, -19,8)	3,976
11	Proband 1	(2,5, -1,2, -19,8)	3,988
11	Proband 1	(2,3, -1,2, -19,8)	3,999
11	Proband 1	(2,1, -1,1, -19,8)	4,01
11	Proband 1	(1,9, -1,1, -19,8)	4,021
11	Proband 1	(1,5, -1,1, -19,8)	4,032
11	Proband 1	(1,3, -1,1, -19,8)	4,043
11	Proband 1	(1,1, -1,1, -19,8)	4,054
11	Proband 1	(0,8, -1,1, -19,9)	4,065
11	Proband 1	(0,6, -1,1, -19,9)	4,077
11	Proband 1	(0,4, -1,1, -19,9)	4,089
11	Proband 1	(0,2, -1,1, -19,9)	4,098
11	Proband 1	(0,1, -1,1, -19,9)	4,11
11	Proband 1	(-0,1, -1,1, -19,9)	4,121
11	Proband 1	(-0,2, -1,1, -19,9)	4,133
11	Proband 1	(-0,3, -1,1, -19,9)	4,143
11	Proband 1	(-1,2, -0,9, -19,9)	4,155
11	Proband 1	(-0,6, -1,1, -19,9)	4,165
11	Proband 1	(-0,7, -1,1, -19,9)	4,178
11	Proband 1	(-0,7, -1,0, -19,9)	4,187
11	Proband 1	(-0,8, -1,1, -19,9)	4,2
11	Proband 1	(-0,9, -1,1, -19,9)	4,21
11	Proband 1	(-0,9, -1,1, -19,9)	4,221
11	Proband 1	(-1,0, -1,1, -19,9)	4,232
11	Proband 1	(-1,0, -1,1, -19,9)	4,243
11	Proband 1	(-1,1, -1,1, -19,9)	4,255
11	Proband 1	(-1,1, -1,1, -19,9)	4,265
11	Proband 1	(-1,1, -1,1, -19,9)	4,276
11	Proband 1	(-1,1, -1,1, -19,9)	4,287
11	Proband 1	(-1,2, -1,1, -19,9)	4,299
11	Proband 1	(-1,2, -1,1, -19,9)	4,31
11	Proband 1	(-1,2, -1,2, -19,9)	4,321
11	Proband 1	(-1,2, -1,2, -19,9)	4,332
11	Proband 1	(-1,2, -1,2, -19,9)	4,343
11	Proband 1	(-1,2, -1,2, -19,9)	4,355
11	Proband 1	(-1,2, -1,2, -19,9)	4,365
11	Proband 1	(-1,2, -1,2, -19,9)	4,376
11	Proband 1	(-1,2, -1,2, -19,9)	4,387
11	Proband 1	(-1,2, -1,2, -19,9)	4,399
11	Proband 1	(-1,2, -1,2, -19,9)	4,41
11	Proband 1	(-1,2, -1,2, -19,9)	4,421
11	Proband 1	(-1,2, -1,2, -19,9)	4,432
11	Proband 1	(-1,2, -1,2, -19,9)	4,443
11	Proband 1	(-1,2, -1,2, -19,9)	4,454
11	Proband 1	(-1,2, -1,2, -19,9)	4,465
11	Proband 1	(-1,2, -1,2, -19,9)	4,476
11	Proband 1	(-1,1, -1,2, -19,9)	4,488
11	Proband 1	(-1,1, -1,2, -19,9)	4,499
11	Proband 1	(-1,1, -1,2, -19,9)	4,51
11	Proband 1	(-1,2, -1,2, -19,9)	4,52
11	Proband 1	(-1,1, -1,1, -19,9)	4,532
11	Proband 1	(-1,1, -1,1, -19,9)	4,542
11	Proband 1	(-1,1, -1,1, -19,9)	4,554
11	Proband 1	(-1,1, -1,1, -19,9)	4,565
11	Proband 1	(-1,1, -1,1, -19,9)	4,576
11	Proband 1	(-1,1, -1,1, -19,9)	4,587
11	Proband 1	(-1,1, -1,1, -19,9)	4,599
11	Proband 1	(-1,1, -1,1, -19,9)	4,609
11	Proband 1	(-1,1, -1,1, -19,9)	4,62
11	Proband 1	(-1,1, -1,1, -19,9)	4,632
11	Proband 1	(-1,1, -1,1, -19,9)	4,643
11	Proband 1	(-1,1, -1,1, -19,9)	4,654
11	Proband 1	(-1,0, -1,1, -19,9)	4,666
11	Proband 1	(-1,0, -1,1, -19,9)	4,676
11	Proband 1	(-1,0, -1,1, -19,9)	4,687
11	Proband 1	(-1,0, -1,1, -19,9)	4,698
11	Proband 1	(-0,9, -1,1, -19,9)	4,709
11	Proband 1	(-0,9, -1,1, -19,9)	4,721
11	Proband 1	(-0,9, -1,0, -19,9)	4,732
11	Proband 1	(-0,9, -1,0, -19,9)	4,743
11	Proband 1	(-0,8, -1,0, -19,9)	4,754
11	Proband 1	(-0,8, -1,0, -19,9)	4,765
11	Proband 1	(-0,8, -1,0, -20,0)	4,776
11	Proband 1	(-0,8, -1,0, -20,0)	4,787
11	Proband 1	(-0,7, -1,0, -20,0)	4,799
11	Proband 1	(-0,7, -1,0, -20,0)	4,809
11	Proband 1	(-0,7, -1,0, -20,0)	4,821
11	Proband 1	(-0,7, -1,1, -20,0)	4,832
11	Proband 1	(-0,7, -1,1, -20,0)	4,843
11	Proband 1	(-0,7, -1,1, -20,0)	4,854
11	Proband 1	(-0,7, -1,1, -20,0)	4,865
11	Proband 1	(-0,7, -1,1, -20,0)	4,876
11	Proband 1	(-0,6, -1,1, -20,0)	4,887
11	Proband 1	(-0,6, -1,1, -20,0)	4,898
11	Proband 1	(-0,6, -1,1, -20,0)	4,91
11	Proband 1	(-0,6, -1,1, -20,0)	4,921
11	Proband 1	(-0,6, -1,1, -20,0)	4,931
11	Proband 1	(-0,6, -1,1, -20,0)	4,944
11	Proband 1	(-0,6, -1,1, -20,0)	4,954
11	Proband 1	(-0,6, -1,1, -20,0)	4,965
11	Proband 1	(-0,6, -1,1, -20,0)	4,976
11	Proband 1	(-0,5, -1,1, -20,0)	4,987
11	Proband 1	(-0,5, -1,1, -20,0)	4,999
11	Proband 1	(-0,5, -1,1, -20,0)	5,01
11	Proband 1	(-0,5, -1,1, -20,0)	5,021
11	Proband 1	(-0,5, -1,1, -20,0)	5,031
11	Proband 1	(-0,5, -1,1, -20,0)	5,043
11	Proband 1	(-0,5, -1,1, -20,0)	5,054
11	Proband 1	(-0,5, -1,1, -20,0)	5,066
11	Proband 1	(-0,4, -1,1, -20,0)	5,076
11	Proband 1	(-0,4, -1,1, -20,0)	5,087
11	Proband 1	(-0,4, -1,1, -20,0)	5,099
11	Proband 1	(-0,4, -1,1, -20,0)	5,11
11	Proband 1	(-0,4, -1,1, -20,0)	5,121
11	Proband 1	(-0,4, -1,1, -20,0)	5,131
11	Proband 1	(-0,4, -1,1, -20,0)	5,142
11	Proband 1	(-0,4, -1,1, -20,0)	5,153
11	Proband 1	(-0,4, -1,1, -20,0)	5,165
11	Proband 1	(-0,3, -1,1, -20,0)	5,176
11	Proband 1	(-0,3, -1,1, -20,0)	5,187
11	Proband 1	(-0,3, -1,1, -20,0)	5,198
11	Proband 1	(-0,3, -1,1, -20,0)	5,209
11	Proband 1	(-0,3, -1,1, -20,0)	5,222
11	Proband 1	(-0,3, -1,1, -20,0)	5,231
11	Proband 1	(-0,3, -1,1, -20,0)	5,243
11	Proband 1	(-0,3, -1,1, -20,0)	5,254
11	Proband 1	(-0,3, -1,1, -20,0)	5,265
11	Proband 1	(-0,3, -1,1, -20,0)	5,276
11	Proband 1	(-0,3, -1,1, -20,0)	5,287
11	Proband 1	(-0,3, -1,1, -20,0)	5,298
11	Proband 1	(-0,3, -1,1, -20,0)	5,309
11	Proband 1	(-0,3, -1,1, -20,0)	5,32
11	Proband 1	(-0,3, -1,1, -20,0)	5,331
11	Proband 1	(-0,3, -1,1, -20,0)	5,343
11	Proband 1	(-0,3, -1,1, -20,0)	5,353
11	Proband 1	(-0,3, -1,1, -20,0)	5,364
11	Proband 1	(-0,3, -1,1, -20,0)	5,376
11	Proband 1	(-0,2, -1,1, -20,0)	5,387
11	Proband 1	(-0,1, -1,1, -20,0)	5,398
11	Proband 1	(0,0, -1,1, -20,0)	5,41
11	Proband 1	(0,0, -1,1, -20,0)	5,42
11	Proband 1	(0,1, -1,1, -20,0)	5,431
11	Proband 1	(0,2, -1,1, -20,0)	5,443
11	Proband 1	(0,2, -1,1, -20,0)	5,453
11	Proband 1	(0,3, -1,1, -20,0)	5,465
11	Proband 1	(0,3, -1,1, -20,0)	5,476
11	Proband 1	(0,4, -1,1, -20,0)	5,487
11	Proband 1	(0,4, -1,1, -20,0)	5,498
11	Proband 1	(0,5, -1,1, -20,0)	5,509
11	Proband 1	(0,5, -1,1, -20,0)	5,52
11	Proband 1	(0,6, -1,1, -19,9)	5,531
11	Proband 1	(0,6, -1,1, -19,9)	5,543
11	Proband 1	(0,7, -1,1, -19,9)	5,554
11	Proband 1	(0,7, -1,1, -19,9)	5,566
11	Proband 1	(0,8, -1,1, -19,9)	5,576
11	Proband 1	(0,8, -1,1, -19,9)	5,587
11	Proband 1	(0,8, -1,1, -19,9)	5,598
11	Proband 1	(0,9, -1,1, -19,9)	5,609
11	Proband 1	(0,9, -1,1, -19,9)	5,62
11	Proband 1	(0,9, -1,1, -19,9)	5,631
11	Proband 1	(1,0, -1,1, -19,9)	5,643
11	Proband 1	(1,0, -1,1, -19,9)	5,653
11	Proband 1	(1,0, -1,1, -19,9)	5,664
11	Proband 1	(1,1, -1,1, -19,9)	5,675
11	Proband 1	(1,1, -1,1, -19,9)	5,687
11	Proband 1	(1,1, -1,1, -19,9)	5,698
11	Proband 1	(1,1, -1,2, -19,9)	5,708
11	Proband 1	(1,1, -1,2, -19,9)	5,72
11	Proband 1	(1,2, -1,2, -19,9)	5,731
11	Proband 1	(1,2, -1,2, -19,9)	5,742
11	Proband 1	(1,2, -1,2, -19,9)	5,754
11	Proband 1	(1,2, -1,2, -19,9)	5,764
11	Proband 1	(1,2, -1,2, -19,9)	5,775
11	Proband 1	(1,3, -1,2, -19,9)	5,787
11	Proband 1	(1,3, -1,2, -19,9)	5,798
11	Proband 1	(1,3, -1,2, -19,9)	5,809
11	Proband 1	(1,3, -1,2, -19,9)	5,82
11	Proband 1	(1,3, -1,2, -19,9)	5,831
11	Proband 1	(1,3, -1,2, -19,9)	5,843
11	Proband 1	(1,4, -1,2, -19,9)	5,854
11	Proband 1	(1,4, -1,2, -19,9)	5,864
11	Proband 1	(1,4, -1,2, -19,9)	5,875
11	Proband 1	(1,4, -1,3, -19,9)	5,887
11	Proband 1	(1,4, -1,3, -19,9)	5,898
11	Proband 1	(1,4, -1,3, -19,9)	5,91
11	Proband 1	(1,3, -1,2, -19,9)	5,921
11	Proband 1	(1,2, -1,2, -19,9)	5,931
11	Proband 1	(1,0, -1,2, -19,9)	5,943
11	Proband 1	(0,9, -1,2, -19,9)	5,954
11	Proband 1	(0,7, -1,2, -19,9)	5,965
11	Proband 1	(0,6, -1,2, -19,9)	5,975
11	Proband 1	(0,5, -1,2, -19,9)	5,987
11	Proband 1	(0,3, -1,2, -19,9)	5,999
11	Proband 1	(0,2, -1,2, -19,9)	6,009
11	Proband 1	(0,0, -1,2, -19,9)	6,02
11	Proband 1	(-0,1, -1,1, -19,9)	6,031
11	Proband 1	(-0,2, -1,1, -19,9)	6,043
11	Proband 1	(-0,4, -1,1, -19,9)	6,054
11	Proband 1	(-0,5, -1,1, -19,9)	6,064
11	Proband 1	(-0,6, -1,1, -19,9)	6,076
11	Proband 1	(-0,8, -1,1, -19,9)	6,086
11	Proband 1	(-0,9, -1,1, -19,9)	6,098
11	Proband 1	(-1,0, -1,1, -19,9)	6,109
11	Proband 1	(-1,2, -1,1, -19,9)	6,119
11	Proband 1	(-1,4, -1,1, -19,9)	6,131
11	Proband 1	(-1,6, -1,1, -19,9)	6,142
11	Proband 1	(-1,9, -1,1, -19,8)	6,153
11	Proband 1	(-2,1, -1,1, -19,8)	6,164
11	Proband 1	(-2,3, -1,1, -19,8)	6,175
11	Proband 1	(-2,4, -1,1, -19,8)	6,186
11	Proband 1	(-2,6, -1,1, -19,8)	6,198
11	Proband 1	(-2,8, -1,1, -19,7)	6,208
11	Proband 1	(-3,0, -1,1, -19,7)	6,22
11	Proband 1	(-3,2, -1,1, -19,7)	6,231
11	Proband 1	(-3,4, -1,0, -19,7)	6,242
11	Proband 1	(-3,5, -1,0, -19,6)	6,254
11	Proband 1	(-3,7, -1,0, -19,6)	6,264
11	Proband 1	(-3,9, -1,0, -19,6)	6,276
11	Proband 1	(-4,0, -1,0, -19,5)	6,286
11	Proband 1	(-4,1, -1,0, -19,5)	6,297
11	Proband 1	(-4,3, -1,0, -19,5)	6,31
11	Proband 1	(-4,4, -1,0, -19,4)	6,319
11	Proband 1	(-4,6, -1,1, -19,4)	6,332
11	Proband 1	(-4,8, -1,0, -19,4)	6,342
11	Proband 1	(-5,1, -1,0, -19,3)	6,353
11	Proband 1	(-5,6, -1,0, -19,1)	6,365
11	Proband 1	(-6,0, -1,0, -19,0)	6,375
11	Proband 1	(-6,4, -0,9, -18,8)	6,387
11	Proband 1	(-7,1, -0,9, -18,5)	6,398
11	Proband 1	(-7,6, -0,8, -18,3)	6,409
11	Proband 1	(-8,4, -0,8, -17,9)	6,421
11	Proband 1	(-8,8, -0,7, -17,6)	6,431
11	Proband 1	(-9,2, -0,7, -17,4)	6,442
11	Proband 1	(-9,6, -0,6, -17,1)	6,453
11	Proband 1	(-10,2, -0,6, -16,8)	6,464
11	Proband 1	(-10,6, -0,5, -16,6)	6,475
11	Proband 1	(-10,9, -0,5, -16,4)	6,486
11	Proband 1	(-11,3, -0,5, -16,1)	6,498
11	Proband 1	(-11,5, -0,5, -15,9)	6,509
11	Proband 1	(-11,8, -0,5, -15,8)	6,52
11	Proband 1	(-12,1, -0,5, -15,6)	6,531
11	Proband 1	(-12,3, -0,5, -15,5)	6,542
11	Proband 1	(-12,5, -0,5, -15,3)	6,553
11	Proband 1	(-12,7, -0,5, -15,2)	6,564
11	Proband 1	(-12,9, -0,5, -15,0)	6,576
11	Proband 1	(-13,0, -0,5, -14,9)	6,587
11	Proband 1	(-13,1, -0,4, -14,8)	6,598
11	Proband 1	(-13,2, -0,4, -14,7)	6,609
11	Proband 1	(-13,4, -0,4, -14,6)	6,62
11	Proband 1	(-13,4, -0,4, -14,6)	6,631
11	Proband 1	(-13,5, -0,5, -14,5)	6,642
11	Proband 1	(-13,7, -0,4, -14,4)	6,653
11	Proband 1	(-13,9, -0,4, -14,2)	6,665
11	Proband 1	(-14,1, -0,4, -14,0)	6,675
11	Proband 1	(-14,2, -0,4, -13,8)	6,686
11	Proband 1	(-14,6, -0,4, -13,5)	6,698
11	Proband 1	(-14,8, -0,4, -13,3)	6,709
11	Proband 1	(-14,9, -0,4, -13,1)	6,72
11	Proband 1	(-15,1, -0,4, -12,8)	6,731
11	Proband 1	(-15,3, -0,4, -12,6)	6,742
11	Proband 1	(-15,5, -0,4, -12,4)	6,754
11	Proband 1	(-15,6, -0,4, -12,3)	6,764
11	Proband 1	(-15,7, -0,4, -12,2)	6,775
11	Proband 1	(-15,8, -0,4, -12,0)	6,787
11	Proband 1	(-15,9, -0,4, -11,9)	6,797
11	Proband 1	(-15,9, -0,4, -11,9)	6,809
11	Proband 1	(-16,0, -0,5, -11,8)	6,82
11	Proband 1	(-16,1, -0,5, -11,7)	6,831
11	Proband 1	(-16,1, -0,5, -11,6)	6,842
11	Proband 1	(-16,2, -0,5, -11,5)	6,853
11	Proband 1	(-16,3, -0,5, -11,5)	6,865
11	Proband 1	(-16,3, -0,5, -11,4)	6,875
11	Proband 1	(-16,4, -0,5, -11,3)	6,886
11	Proband 1	(-16,4, -0,5, -11,2)	6,898
11	Proband 1	(-16,5, -0,5, -11,2)	6,909
11	Proband 1	(-16,6, -0,4, -11,1)	6,92
11	Proband 1	(-16,6, -0,4, -11,0)	6,931
11	Proband 1	(-16,6, -0,4, -11,0)	6,942
11	Proband 1	(-16,7, -0,4, -10,9)	6,953
11	Proband 1	(-16,7, -0,4, -10,9)	6,964
11	Proband 1	(-16,7, -0,4, -10,9)	6,975
11	Proband 1	(-16,7, -0,4, -10,9)	6,986
11	Proband 1	(-16,7, -0,4, -10,8)	6,997
11	Proband 1	(-16,8, -0,4, -10,8)	7,008
11	Proband 1	(-16,8, -0,4, -10,8)	7,02
11	Proband 1	(-16,8, -0,4, -10,8)	7,031
11	Proband 1	(-16,8, -0,4, -10,8)	7,041
11	Proband 1	(-16,8, -0,4, -10,8)	7,052
11	Proband 1	(-16,8, -0,4, -10,8)	7,064
11	Proband 1	(-16,8, -0,4, -10,8)	7,075
11	Proband 1	(-16,8, -0,4, -10,8)	7,086
11	Proband 1	(-16,8, -0,4, -10,8)	7,097
11	Proband 1	(-16,8, -0,4, -10,8)	7,108
11	Proband 1	(-16,8, -0,3, -10,9)	7,12
11	Proband 1	(-16,8, -0,3, -10,9)	7,131
11	Proband 1	(-16,7, -0,3, -10,9)	7,142
11	Proband 1	(-16,7, -0,4, -11,0)	7,153
11	Proband 1	(-16,7, -0,4, -11,0)	7,164
11	Proband 1	(-16,6, -0,4, -11,1)	7,175
11	Proband 1	(-16,6, -0,4, -11,1)	7,186
11	Proband 1	(-16,6, -0,4, -11,1)	7,198
11	Proband 1	(-16,6, -0,4, -11,2)	7,208
11	Proband 1	(-16,5, -0,8, -11,3)	7,221
11	Proband 1	(-16,5, -0,5, -11,2)	7,231
11	Proband 1	(-16,5, -0,5, -11,3)	7,241
11	Proband 1	(-16,5, -0,5, -11,3)	7,253
11	Proband 1	(-16,4, -0,5, -11,4)	7,264
11	Proband 1	(-16,3, -0,5, -11,5)	7,274
11	Proband 1	(-16,2, -0,5, -11,7)	7,286
11	Proband 1	(-15,9, -0,5, -12,0)	7,297
11	Proband 1	(-15,8, -0,5, -12,1)	7,31
11	Proband 1	(-15,7, -0,5, -12,3)	7,319
11	Proband 1	(-15,4, -0,5, -12,5)	7,331
11	Proband 1	(-15,3, -0,5, -12,7)	7,342
11	Proband 1	(-15,2, -0,5, -12,8)	7,352
11	Proband 1	(-15,0, -0,5, -13,0)	7,365
11	Proband 1	(-14,9, -0,5, -13,2)	7,375
11	Proband 1	(-14,8, -0,5, -13,2)	7,386
11	Proband 1	(-14,6, -0,5, -13,4)	7,398
11	Proband 1	(-14,6, -0,5, -13,5)	7,408
11	Proband 1	(-14,5, -0,4, -13,6)	7,42
11	Proband 1	(-14,4, -0,4, -13,7)	7,431
11	Proband 1	(-14,3, -0,4, -13,8)	7,441
11	Proband 1	(-13,3, -0,6, -14,9)	7,453
11	Proband 1	(-14,1, -0,4, -14,0)	7,463
11	Proband 1	(-14,0, -0,4, -14,1)	7,475
11	Proband 1	(-14,0, -0,4, -14,2)	7,486
11	Proband 1	(-13,7, -0,3, -14,4)	7,498
11	Proband 1	(-13,5, -0,3, -14,6)	7,508
11	Proband 1	(-13,1, -0,3, -14,9)	7,52
11	Proband 1	(-12,5, -0,4, -15,3)	7,53
11	Proband 1	(-12,0, -0,5, -15,6)	7,542
11	Proband 1	(-11,1, -0,6, -16,1)	7,553
11	Proband 1	(-9,8, -0,6, -16,8)	7,575
11	Proband 1	(-8,8, -0,6, -17,2)	7,586
11	Proband 1	(-8,0, -0,6, -17,6)	7,597
11	Proband 1	(-7,3, -0,6, -17,9)	7,609
11	Proband 1	(-6,2, -0,6, -18,3)	7,619
11	Proband 1	(-5,4, -0,5, -18,5)	7,631
11	Proband 1	(-4,5, -0,5, -18,7)	7,641
11	Proband 1	(-3,7, -0,5, -18,9)	7,653
11	Proband 1	(-2,7, -0,4, -19,1)	7,664
11	Proband 1	(-1,9, -0,4, -19,2)	7,675
11	Proband 1	(-1,2, -0,4, -19,3)	7,686
11	Proband 1	(-0,4, -0,3, -19,4)	7,698
11	Proband 1	(0,2, -0,3, -19,4)	7,708
11	Proband 1	(0,8, -0,2, -19,5)	7,719
11	Proband 1	(1,4, -0,2, -19,5)	7,731
11	Proband 1	(1,9, -0,2, -19,5)	7,741
11	Proband 1	(2,4, -0,2, -19,4)	7,753
11	Proband 1	(2,7, -0,2, -19,4)	7,764
11	Proband 1	(3,0, -0,2, -19,4)	7,775
11	Proband 1	(3,3, -0,2, -19,4)	7,786
11	Proband 1	(3,5, -0,2, -19,4)	7,798
11	Proband 1	(3,6, -0,2, -19,3)	7,809
11	Proband 1	(3,7, -0,3, -19,3)	7,819
11	Proband 1	(3,7, -0,3, -19,4)	7,83
11	Proband 1	(3,7, -0,3, -19,4)	7,842
11	Proband 1	(3,7, -0,3, -19,4)	7,853
11	Proband 1	(3,6, -0,4, -19,4)	7,864
11	Proband 1	(3,5, -0,4, -19,4)	7,874
11	Proband 1	(3,3, -0,5, -19,5)	7,886
11	Proband 1	(3,1, -0,5, -19,5)	7,898
11	Proband 1	(2,8, -0,6, -19,6)	7,908
11	Proband 1	(2,5, -0,6, -19,6)	7,92
11	Proband 1	(2,0, -0,7, -19,7)	7,931
11	Proband 1	(1,6, -0,7, -19,7)	7,941
11	Proband 1	(1,3, -0,7, -19,7)	7,952
11	Proband 1	(0,9, -0,7, -19,8)	7,964
11	Proband 1	(0,6, -0,8, -19,8)	7,975
11	Proband 1	(0,3, -0,8, -19,8)	7,986
11	Proband 1	(-0,1, -0,8, -19,8)	7,998
11	Proband 1	(-0,4, -0,8, -19,8)	8,008
11	Proband 1	(-0,7, -0,9, -19,8)	8,02
11	Proband 1	(-1,0, -0,9, -19,8)	8,03
11	Proband 1	(-1,4, -0,9, -19,8)	8,042
11	Proband 1	(-1,7, -0,9, -19,8)	8,053
11	Proband 1	(-2,1, -0,9, -19,7)	8,064
11	Proband 1	(-2,6, -0,9, -19,7)	8,075
11	Proband 1	(-3,4, -0,9, -19,6)	8,087
11	Proband 1	(-4,0, -0,9, -19,5)	8,096
11	Proband 1	(-4,7, -1,0, -19,3)	8,107
11	Proband 1	(-5,8, -1,0, -18,9)	8,12
11	Proband 1	(-6,6, -1,0, -18,6)	8,131
11	Proband 1	(-7,4, -1,0, -18,3)	8,141
11	Proband 1	(-8,5, -1,0, -17,7)	8,153
11	Proband 1	(-9,3, -1,1, -17,3)	8,163
11	Proband 1	(-10,0, -1,1, -16,9)	8,174
11	Proband 1	(-10,7, -1,1, -16,4)	8,186
11	Proband 1	(-11,4, -1,2, -15,9)	8,197
11	Proband 1	(-12,0, -1,2, -15,5)	8,208
11	Proband 1	(-12,5, -1,2, -15,1)	8,219
11	Proband 1	(-13,0, -1,2, -14,7)	8,231
11	Proband 1	(-13,3, -1,2, -14,5)	8,242
11	Proband 1	(-13,7, -1,3, -14,2)	8,253
11	Proband 1	(-13,9, -1,3, -13,9)	8,264
11	Proband 1	(-14,1, -1,3, -13,8)	8,274
11	Proband 1	(-14,3, -1,2, -13,6)	8,286
11	Proband 1	(-14,5, -1,2, -13,4)	8,297
11	Proband 1	(-14,6, -1,2, -13,3)	8,307
11	Proband 1	(-14,7, -1,2, -13,2)	8,319
11	Proband 1	(-14,8, -1,2, -13,1)	8,33
11	Proband 1	(-14,8, -1,2, -13,1)	8,341
11	Proband 1	(-14,9, -1,2, -13,1)	8,353
11	Proband 1	(-14,9, -1,2, -13,1)	8,363
11	Proband 1	(-14,9, -1,2, -13,1)	8,375
11	Proband 1	(-14,9, -1,2, -13,1)	8,386
11	Proband 1	(-14,9, -1,2, -13,1)	8,397
11	Proband 1	(-14,8, -1,2, -13,2)	8,408
11	Proband 1	(-14,8, -1,3, -13,2)	8,419
11	Proband 1	(-14,8, -1,3, -13,2)	8,431
11	Proband 1	(-14,8, -1,3, -13,3)	8,442
11	Proband 1	(-14,7, -1,3, -13,3)	8,453
11	Proband 1	(-14,7, -1,2, -13,3)	8,465
11	Proband 1	(-14,7, -1,2, -13,4)	8,474
11	Proband 1	(-14,7, -1,2, -13,4)	8,485
11	Proband 1	(-14,7, -1,2, -13,4)	8,497
11	Proband 1	(-14,7, -1,2, -13,4)	8,508
11	Proband 1	(-14,6, -1,2, -13,5)	8,518
11	Proband 1	(-14,7, -1,2, -13,4)	8,531
11	Proband 1	(-14,7, -1,2, -13,4)	8,541
11	Proband 1	(-14,7, -1,2, -13,4)	8,552
11	Proband 1	(-14,7, -1,2, -13,4)	8,563
11	Proband 1	(-14,7, -1,2, -13,4)	8,574
11	Proband 1	(-14,7, -1,2, -13,4)	8,585
11	Proband 1	(-14,8, -1,2, -13,4)	8,596
11	Proband 1	(-14,8, -1,2, -13,4)	8,607
11	Proband 1	(-14,8, -1,2, -13,4)	8,619
11	Proband 1	(-14,8, -1,2, -13,4)	8,631
11	Proband 1	(-14,8, -1,2, -13,3)	8,642
11	Proband 1	(-14,8, -1,2, -13,3)	8,653
11	Proband 1	(-14,8, -1,2, -13,3)	8,663
11	Proband 1	(-14,8, -1,2, -13,3)	8,674
11	Proband 1	(-14,8, -1,2, -13,3)	8,686
11	Proband 1	(-14,8, -1,2, -13,3)	8,697
11	Proband 1	(-14,8, -1,2, -13,3)	8,708
11	Proband 1	(-14,9, -1,2, -13,3)	8,72
11	Proband 1	(-14,9, -1,2, -13,3)	8,73
11	Proband 1	(-14,9, -1,2, -13,3)	8,741
11	Proband 1	(-14,9, -1,3, -13,3)	8,752
11	Proband 1	(-14,9, -1,3, -13,3)	8,763
11	Proband 1	(-14,9, -1,3, -13,3)	8,775
11	Proband 1	(-14,8, -1,3, -13,3)	8,785
11	Proband 1	(-14,8, -1,4, -13,3)	8,797
11	Proband 1	(-14,8, -1,4, -13,3)	8,808
11	Proband 1	(-14,8, -1,4, -13,3)	8,819
11	Proband 1	(-14,8, -1,4, -13,3)	8,83
11	Proband 1	(-14,8, -1,4, -13,3)	8,84
11	Proband 1	(-14,8, -1,5, -13,3)	8,852
11	Proband 1	(-14,8, -1,5, -13,4)	8,863
11	Proband 1	(-14,7, -1,5, -13,4)	8,874
11	Proband 1	(-14,6, -1,6, -13,6)	8,886
11	Proband 1	(-14,2, -1,5, -13,9)	8,896
11	Proband 1	(-13,9, -1,5, -14,2)	8,908
11	Proband 1	(-13,5, -1,5, -14,4)	8,919
11	Proband 1	(-12,7, -1,4, -15,0)	8,93
11	Proband 1	(-12,2, -1,4, -15,3)	8,94
11	Proband 1	(-11,5, -1,4, -15,7)	8,953
11	Proband 1	(-10,4, -1,4, -16,2)	8,963
11	Proband 1	(-9,7, -1,3, -16,6)	8,975
11	Proband 1	(-9,0, -1,3, -16,9)	8,986
11	Proband 1	(-8,0, -1,3, -17,4)	8,996
11	Proband 1	(-7,3, -1,2, -17,7)	9,008
11	Proband 1	(-6,6, -1,2, -18,0)	9,019
11	Proband 1	(-5,7, -1,1, -18,3)	9,03
11	Proband 1	(-5,0, -1,0, -18,5)	9,041
11	Proband 1	(-4,4, -0,9, -18,7)	9,053
11	Proband 1	(-3,7, -0,9, -18,9)	9,063
11	Proband 1	(-3,2, -0,8, -19,0)	9,074
11	Proband 1	(-2,7, -0,8, -19,2)	9,085
11	Proband 1	(-2,2, -0,7, -19,3)	9,096
11	Proband 1	(-1,7, -0,7, -19,4)	9,109
11	Proband 1	(-1,4, -0,7, -19,4)	9,119
11	Proband 1	(-1,0, -0,7, -19,5)	9,13
11	Proband 1	(-0,7, -0,6, -19,5)	9,141
11	Proband 1	(-0,5, -0,6, -19,6)	9,152
11	Proband 1	(-0,3, -0,6, -19,6)	9,163
11	Proband 1	(-0,1, -0,6, -19,6)	9,174
11	Proband 1	(0,0, -0,6, -19,6)	9,185
11	Proband 1	(0,1, -0,6, -19,7)	9,197
11	Proband 1	(0,3, -0,6, -19,7)	9,209
11	Proband 1	(0,4, -0,6, -19,7)	9,219
11	Proband 1	(0,5, -0,6, -19,7)	9,23
11	Proband 1	(0,6, -0,6, -19,7)	9,241
11	Proband 1	(0,7, -0,7, -19,7)	9,252
11	Proband 1	(0,8, -0,7, -19,8)	9,263
11	Proband 1	(0,8, -0,7, -19,8)	9,274
11	Proband 1	(0,9, -0,7, -19,8)	9,285
11	Proband 1	(0,9, -0,7, -19,8)	9,296
11	Proband 1	(1,0, -0,7, -19,8)	9,307
11	Proband 1	(1,0, -0,7, -19,8)	9,319
11	Proband 1	(1,0, -0,7, -19,8)	9,33
11	Proband 1	(1,1, -0,7, -19,8)	9,341
11	Proband 1	(1,1, -0,7, -19,8)	9,352
11	Proband 1	(1,1, -0,7, -19,8)	9,363
11	Proband 1	(1,2, -0,7, -19,8)	9,374
11	Proband 1	(1,3, -0,7, -19,8)	9,385
11	Proband 1	(1,8, -0,6, -19,8)	9,397
11	Proband 1	(2,1, -0,6, -19,7)	9,407
11	Proband 1	(2,5, -0,6, -19,7)	9,418
11	Proband 1	(3,2, -0,5, -19,5)	9,43
11	Proband 1	(3,8, -0,5, -19,4)	9,441
11	Proband 1	(4,4, -0,5, -19,2)	9,452
11	Proband 1	(5,4, -0,5, -18,9)	9,463
11	Proband 1	(6,1, -0,4, -18,6)	9,474
11	Proband 1	(6,9, -0,4, -18,3)	9,485
11	Proband 1	(7,6, -0,4, -18,1)	9,497
11	Proband 1	(8,2, -0,3, -17,8)	9,507
11	Proband 1	(8,8, -0,3, -17,5)	9,518
11	Proband 1	(9,6, -0,2, -17,1)	9,53
11	Proband 1	(10,2, -0,1, -16,8)	9,54
11	Proband 1	(10,8, -0,1, -16,4)	9,552
11	Proband 1	(11,4, 0,0, -16,1)	9,563
11	Proband 1	(11,9, 0,0, -15,7)	9,574
11	Proband 1	(12,3, 0,1, -15,4)	9,585
11	Proband 1	(12,8, 0,1, -15,0)	9,597
11	Proband 1	(13,3, 0,1, -14,6)	9,607
11	Proband 1	(13,8, 0,1, -14,1)	9,619
11	Proband 1	(14,4, 0,1, -13,6)	9,63
11	Proband 1	(14,8, 0,1, -13,2)	9,641
11	Proband 1	(15,2, 0,1, -12,7)	9,652
11	Proband 1	(15,5, 0,1, -12,4)	9,663
11	Proband 1	(15,8, 0,1, -12,0)	9,674
11	Proband 1	(16,0, 0,0, -11,7)	9,685
11	Proband 1	(16,2, 0,0, -11,5)	9,696
11	Proband 1	(16,4, 0,0, -11,2)	9,708
11	Proband 1	(16,5, -0,1, -11,0)	9,719
11	Proband 2	(-6,3, -0,8, -19,0)	0
11	Proband 2	(-6,1, -0,7, -19,0)	0,011
11	Proband 2	(-5,9, -0,7, -19,1)	0,024
11	Proband 2	(-5,8, -0,8, -19,1)	0,032
11	Proband 2	(-5,8, -0,6, -19,1)	0,043
11	Proband 2	(-5,7, -0,7, -19,2)	0,054
11	Proband 2	(-5,6, -0,7, -19,2)	0,066
11	Proband 2	(-5,5, -0,7, -19,2)	0,076
11	Proband 2	(-5,6, -0,7, -19,2)	0,088
11	Proband 2	(-5,4, -0,8, -19,2)	0,099
11	Proband 2	(-5,3, -0,9, -19,3)	0,11
11	Proband 2	(-5,3, -0,9, -19,3)	0,132
11	Proband 2	(-5,3, -0,9, -19,3)	0,146
11	Proband 2	(-5,4, -0,9, -19,2)	0,154
11	Proband 2	(-5,4, -0,9, -19,2)	0,166
11	Proband 2	(-5,4, -0,9, -19,2)	0,176
11	Proband 2	(-5,4, -0,9, -19,2)	0,187
11	Proband 2	(-5,3, -0,9, -19,3)	0,199
11	Proband 2	(-5,3, -0,9, -19,3)	0,209
11	Proband 2	(-5,3, -0,9, -19,3)	0,221
11	Proband 2	(-5,3, -0,8, -19,3)	0,232
11	Proband 2	(-5,3, -0,8, -19,3)	0,243
11	Proband 2	(-5,3, -0,8, -19,3)	0,254
11	Proband 2	(-5,3, -0,8, -19,3)	0,266
11	Proband 2	(-5,2, -0,8, -19,3)	0,276
11	Proband 2	(-5,2, -0,8, -19,3)	0,288
11	Proband 2	(-5,2, -0,8, -19,3)	0,299
11	Proband 2	(-5,2, -0,7, -19,3)	0,31
11	Proband 2	(-5,2, -0,7, -19,3)	0,32
11	Proband 2	(-5,3, -0,7, -19,3)	0,332
11	Proband 2	(-5,3, -0,7, -19,3)	0,342
11	Proband 2	(-5,2, -0,7, -19,3)	0,354
11	Proband 2	(-5,5, -0,6, -19,2)	0,365
11	Proband 2	(-5,3, -1,0, -19,2)	0,376
11	Proband 2	(-5,2, -1,4, -19,3)	0,388
11	Proband 2	(10,5, -0,9, -17,0)	0,532
11	Proband 2	(12,3, -4,8, -15,0)	0,543
11	Proband 2	(12,2, -3,7, -15,4)	0,554
11	Proband 2	(11,0, -1,1, -16,7)	0,576
11	Proband 2	(10,2, -1,5, -17,2)	0,587
11	Proband 2	(10,1, -1,3, -17,2)	0,599
11	Proband 2	(10,4, -0,9, -17,0)	0,609
11	Proband 2	(10,5, -1,2, -17,0)	0,62
11	Proband 2	(10,3, -1,2, -17,1)	0,632
11	Proband 2	(10,3, -1,3, -17,1)	0,642
11	Proband 2	(10,7, -1,1, -16,9)	0,654
11	Proband 2	(10,2, -1,0, -17,2)	0,665
11	Proband 2	(11,2, -0,8, -16,6)	0,677
11	Proband 2	(10,7, -0,8, -16,9)	0,688
11	Proband 2	(11,9, -0,4, -16,1)	0,7
11	Proband 2	(12,7, -0,8, -15,4)	0,712
11	Proband 2	(14,6, -0,8, -13,7)	0,724
11	Proband 2	(15,4, -0,6, -12,8)	0,735
11	Proband 2	(16,0, -0,2, -12,0)	0,758
11	Proband 2	(16,0, -0,4, -12,0)	0,769
11	Proband 2	(15,9, -0,6, -12,2)	0,78
11	Proband 2	(15,9, -0,4, -12,1)	0,793
11	Proband 2	(15,9, -0,4, -12,1)	0,803
11	Proband 2	(16,0, -0,3, -12,0)	0,814
11	Proband 2	(15,8, -0,5, -12,3)	0,825
11	Proband 2	(15,9, -0,5, -12,1)	0,837
11	Proband 2	(16,1, -0,6, -11,8)	0,848
11	Proband 2	(16,2, -0,6, -11,8)	0,858
11	Proband 2	(16,3, -0,4, -11,6)	0,87
11	Proband 2	(16,3, -0,6, -11,6)	0,881
11	Proband 2	(16,3, -0,5, -11,6)	0,892
11	Proband 2	(16,4, -0,4, -11,4)	0,903
11	Proband 2	(16,5, -0,4, -11,3)	0,915
11	Proband 2	(16,5, -0,4, -11,2)	0,926
11	Proband 2	(16,6, -0,4, -11,2)	0,937
11	Proband 2	(16,6, -0,4, -11,2)	0,948
11	Proband 2	(16,6, -0,5, -11,1)	0,959
11	Proband 2	(16,6, -0,5, -11,1)	0,97
11	Proband 2	(16,6, -0,5, -11,1)	0,98
11	Proband 2	(16,7, -0,5, -11,0)	0,992
11	Proband 2	(16,7, -0,5, -11,0)	1,003
11	Proband 2	(16,6, -0,6, -11,1)	1,014
11	Proband 2	(16,6, -0,6, -11,1)	1,025
11	Proband 2	(16,6, -0,5, -11,1)	1,037
11	Proband 2	(16,7, -0,5, -11,1)	1,047
11	Proband 2	(16,6, -0,5, -11,1)	1,059
11	Proband 2	(16,6, -0,6, -11,1)	1,07
11	Proband 2	(16,6, -0,6, -11,1)	1,08
11	Proband 2	(16,6, 0,0, -11,1)	1,092
11	Proband 2	(16,7, 0,0, -11,1)	1,104
11	Proband 2	(16,7, 0,1, -11,1)	1,114
11	Proband 2	(16,6, 0,0, -11,1)	1,125
11	Proband 2	(16,7, 0,0, -11,0)	1,137
11	Proband 2	(16,6, 0,1, -11,1)	1,147
11	Proband 2	(16,8, 0,1, -10,8)	1,158
11	Proband 2	(16,8, 0,0, -10,9)	1,169
11	Proband 2	(16,5, 0,0, -11,3)	1,181
11	Proband 2	(16,5, -0,1, -11,3)	1,192
11	Proband 2	(16,6, 0,0, -11,2)	1,204
11	Proband 2	(16,5, 0,0, -11,3)	1,213
11	Proband 2	(16,5, 0,0, -11,3)	1,225
11	Proband 2	(16,5, 0,2, -11,3)	1,237
11	Proband 2	(16,5, 0,0, -11,4)	1,247
11	Proband 2	(16,5, 0,0, -11,3)	1,258
11	Proband 2	(16,6, 0,0, -11,2)	1,269
11	Proband 2	(16,6, 0,1, -11,2)	1,281
11	Proband 2	(16,6, 0,1, -11,2)	1,293
11	Proband 2	(16,6, 0,1, -11,2)	1,303
11	Proband 2	(16,6, 0,1, -11,2)	1,314
11	Proband 2	(16,6, 0,1, -11,1)	1,326
11	Proband 2	(16,6, 0,1, -11,2)	1,337
11	Proband 2	(16,6, 0,1, -11,2)	1,347
11	Proband 2	(16,6, 0,1, -11,1)	1,359
11	Proband 2	(16,6, 0,0, -11,2)	1,37
11	Proband 2	(16,6, 0,0, -11,2)	1,381
11	Proband 2	(16,6, 0,0, -11,1)	1,392
11	Proband 2	(16,6, 0,0, -11,1)	1,403
11	Proband 2	(16,6, 0,0, -11,1)	1,415
11	Proband 2	(16,6, 0,1, -11,1)	1,425
11	Proband 2	(16,6, 0,0, -11,1)	1,437
11	Proband 2	(16,6, 0,1, -11,1)	1,448
11	Proband 2	(16,6, 0,0, -11,1)	1,459
11	Proband 2	(16,6, 0,0, -11,1)	1,47
11	Proband 2	(16,6, 0,0, -11,2)	1,48
11	Proband 2	(16,6, -0,1, -11,2)	1,491
11	Proband 2	(16,6, 0,0, -11,2)	1,503
11	Proband 2	(16,6, 0,0, -11,2)	1,514
11	Proband 2	(16,6, 0,0, -11,2)	1,526
11	Proband 2	(16,6, 0,0, -11,2)	1,536
11	Proband 2	(16,5, 0,0, -11,2)	1,547
11	Proband 2	(16,5, 0,0, -11,2)	1,559
11	Proband 2	(16,5, 0,0, -11,3)	1,57
11	Proband 2	(16,5, 0,0, -11,2)	1,581
11	Proband 2	(16,6, -0,1, -11,2)	1,592
11	Proband 2	(16,6, 0,0, -11,2)	1,604
11	Proband 2	(16,6, -0,1, -11,2)	1,614
11	Proband 2	(16,6, -0,1, -11,2)	1,625
11	Proband 2	(16,6, -0,1, -11,2)	1,636
11	Proband 2	(16,6, 0,0, -11,2)	1,647
11	Proband 2	(16,6, 0,0, -11,2)	1,658
11	Proband 2	(16,9, 0,1, -10,8)	1,67
11	Proband 2	(16,8, 0,0, -10,9)	1,68
11	Proband 2	(16,8, 0,0, -10,9)	1,692
11	Proband 2	(16,6, 0,0, -11,1)	1,703
11	Proband 2	(16,5, 0,1, -11,3)	1,714
11	Proband 2	(16,5, -0,1, -11,2)	1,725
11	Proband 2	(16,5, 0,0, -11,3)	1,737
11	Proband 2	(16,4, 0,0, -11,4)	1,747
11	Proband 2	(16,4, 0,0, -11,4)	1,759
11	Proband 2	(16,4, 0,0, -11,4)	1,77
11	Proband 2	(16,4, 0,0, -11,5)	1,78
11	Proband 2	(16,4, 0,0, -11,4)	1,792
11	Proband 2	(16,4, 0,0, -11,4)	1,802
11	Proband 2	(16,4, 0,1, -11,4)	1,814
11	Proband 2	(15,9, -0,2, -12,2)	1,825
11	Proband 2	(15,8, -0,4, -12,2)	1,836
11	Proband 2	(15,9, -0,5, -12,1)	1,847
11	Proband 2	(15,9, -0,5, -12,2)	1,858
11	Proband 2	(15,8, -0,5, -12,2)	1,869
11	Proband 2	(15,8, -0,5, -12,2)	1,881
11	Proband 2	(15,8, -0,4, -12,2)	1,892
11	Proband 2	(15,8, -0,4, -12,2)	1,902
11	Proband 2	(15,8, -0,3, -12,3)	1,914
11	Proband 2	(15,8, -0,4, -12,3)	1,925
11	Proband 2	(15,8, -0,4, -12,3)	1,936
11	Proband 2	(15,8, -0,4, -12,2)	1,947
11	Proband 2	(15,8, -0,4, -12,3)	1,958
11	Proband 2	(15,8, -0,4, -12,3)	1,969
11	Proband 2	(15,8, -0,4, -12,3)	1,98
11	Proband 2	(16,1, -0,2, -11,9)	1,991
11	Proband 2	(15,8, -0,3, -12,3)	2,003
11	Proband 2	(15,8, -0,3, -12,2)	2,014
11	Proband 2	(15,6, -0,3, -12,5)	2,025
11	Proband 2	(15,6, -0,3, -12,5)	2,036
11	Proband 2	(15,6, -0,3, -12,5)	2,047
11	Proband 2	(15,6, -0,3, -12,5)	2,058
11	Proband 2	(15,6, -0,3, -12,4)	2,07
11	Proband 2	(15,6, -0,4, -12,4)	2,08
11	Proband 2	(15,7, -0,4, -12,4)	2,092
11	Proband 2	(15,7, -0,4, -12,4)	2,102
11	Proband 2	(15,7, -0,4, -12,4)	2,114
11	Proband 2	(15,7, -0,4, -12,4)	2,125
11	Proband 2	(15,6, -0,4, -12,5)	2,136
11	Proband 2	(15,6, -0,4, -12,5)	2,147
11	Proband 2	(15,6, -0,4, -12,5)	2,158
11	Proband 2	(15,6, -0,4, -12,5)	2,169
11	Proband 2	(15,6, -0,5, -12,5)	2,18
11	Proband 2	(15,6, -0,5, -12,5)	2,191
11	Proband 2	(15,6, -0,5, -12,5)	2,203
11	Proband 2	(15,6, -0,5, -12,5)	2,213
11	Proband 2	(15,6, -0,5, -12,5)	2,225
11	Proband 2	(15,6, -0,5, -12,5)	2,236
11	Proband 2	(15,6, -0,6, -12,5)	2,247
11	Proband 2	(15,6, -0,5, -12,5)	2,258
11	Proband 2	(15,6, -0,5, -12,5)	2,27
11	Proband 2	(15,5, -0,5, -12,6)	2,28
11	Proband 2	(15,5, -0,5, -12,6)	2,292
11	Proband 2	(15,5, -0,5, -12,6)	2,304
11	Proband 2	(15,5, -0,5, -12,6)	2,314
11	Proband 2	(15,5, -0,5, -12,6)	2,326
11	Proband 2	(15,5, -0,5, -12,7)	2,336
11	Proband 2	(15,5, -0,5, -12,6)	2,348
11	Proband 2	(15,5, -0,4, -12,6)	2,358
11	Proband 2	(15,5, -0,5, -12,6)	2,37
11	Proband 2	(15,5, -0,5, -12,7)	2,38
11	Proband 2	(15,6, -0,4, -12,5)	2,391
11	Proband 2	(15,6, -0,4, -12,5)	2,403
11	Proband 2	(15,7, -0,5, -12,4)	2,414
11	Proband 2	(15,5, -0,6, -12,6)	2,425
11	Proband 2	(15,5, -0,5, -12,6)	2,436
11	Proband 2	(15,5, -0,5, -12,7)	2,447
11	Proband 2	(15,5, -0,5, -12,6)	2,457
11	Proband 2	(15,3, -0,5, -12,8)	2,47
11	Proband 2	(14,7, -0,5, -13,5)	2,481
11	Proband 2	(13,2, -0,4, -15,0)	2,492
11	Proband 2	(12,9, -0,4, -15,3)	2,502
11	Proband 2	(12,9, -0,4, -15,3)	2,513
11	Proband 2	(12,9, -0,4, -15,3)	2,525
11	Proband 2	(12,9, -0,5, -15,3)	2,536
11	Proband 2	(12,9, -0,5, -15,3)	2,547
11	Proband 2	(12,8, -0,5, -15,3)	2,559
11	Proband 2	(12,7, -0,5, -15,4)	2,569
11	Proband 2	(12,7, -0,5, -15,5)	2,58
11	Proband 2	(12,7, -0,4, -15,5)	2,592
11	Proband 2	(12,7, -0,5, -15,5)	2,603
11	Proband 2	(12,6, -0,4, -15,5)	2,614
11	Proband 2	(12,6, -0,4, -15,5)	2,625
11	Proband 2	(12,7, -0,5, -15,5)	2,635
11	Proband 2	(12,6, -0,4, -15,5)	2,647
11	Proband 2	(12,6, -0,5, -15,5)	2,658
11	Proband 2	(12,7, -0,5, -15,5)	2,669
11	Proband 2	(12,6, -0,5, -15,5)	2,68
11	Proband 2	(12,7, -0,5, -15,5)	2,692
11	Proband 2	(12,6, -0,5, -15,5)	2,702
11	Proband 2	(12,6, -0,5, -15,5)	2,714
11	Proband 2	(12,7, -0,5, -15,5)	2,725
11	Proband 2	(13,1, -0,5, -15,1)	2,736
11	Proband 2	(13,7, -0,5, -14,5)	2,747
11	Proband 2	(14,6, -0,4, -13,7)	2,758
11	Proband 2	(14,6, -0,3, -13,7)	2,769
11	Proband 2	(14,6, -0,5, -13,6)	2,78
11	Proband 2	(14,7, -0,5, -13,6)	2,792
11	Proband 2	(14,6, -0,5, -13,6)	2,802
11	Proband 2	(14,6, -0,6, -13,7)	2,813
11	Proband 2	(14,6, -0,6, -13,6)	2,824
11	Proband 2	(14,6, -0,6, -13,6)	2,836
11	Proband 2	(14,7, -0,5, -13,6)	2,847
11	Proband 2	(14,9, -0,5, -13,4)	2,858
11	Proband 2	(14,9, -0,5, -13,4)	2,869
11	Proband 2	(14,9, -0,6, -13,3)	2,88
11	Proband 2	(15,0, -0,4, -13,3)	2,891
11	Proband 2	(14,9, -0,5, -13,4)	2,903
11	Proband 2	(14,8, -0,4, -13,4)	2,914
11	Proband 2	(14,8, -0,4, -13,4)	2,924
11	Proband 2	(14,9, -0,6, -13,3)	2,936
11	Proband 2	(14,7, -0,8, -13,5)	2,947
11	Proband 2	(14,8, -0,8, -13,4)	2,958
11	Proband 2	(14,8, -0,3, -13,4)	2,969
11	Proband 2	(14,8, -0,6, -13,4)	2,98
11	Proband 2	(14,8, -0,5, -13,5)	2,991
11	Proband 2	(14,6, -0,8, -13,6)	3,002
11	Proband 2	(12,4, -1,2, -15,6)	3,191
11	Proband 2	(11,9, -1,1, -16,0)	3,203
11	Proband 2	(11,7, -1,1, -16,2)	3,213
11	Proband 2	(11,7, -1,1, -16,2)	3,225
11	Proband 2	(11,8, -0,9, -16,2)	3,236
11	Proband 2	(12,0, -1,0, -16,0)	3,247
11	Proband 2	(11,3, -0,9, -16,5)	3,258
11	Proband 2	(10,2, -1,1, -17,1)	3,269
11	Proband 2	(8,7, -1,2, -18,0)	3,28
11	Proband 2	(5,9, -1,2, -19,1)	3,291
11	Proband 2	(4,4, -1,2, -19,5)	3,302
11	Proband 2	(3,3, -1,0, -19,7)	3,314
11	Proband 2	(0,4, -0,8, -20,0)	3,324
11	Proband 2	(-1,1, -0,8, -20,0)	3,335
11	Proband 2	(-3,0, -0,6, -19,8)	3,347
11	Proband 2	(-5,0, -0,8, -19,3)	3,358
11	Proband 2	(-6,6, -0,6, -18,9)	3,369
11	Proband 2	(-8,1, -1,0, -18,3)	3,38
11	Proband 2	(-9,8, -1,0, -17,4)	3,391
11	Proband 2	(-11,1, -1,2, -16,6)	3,402
11	Proband 2	(-12,6, -1,1, -15,5)	3,413
11	Proband 2	(-13,4, -1,0, -14,8)	3,424
11	Proband 2	(-14,6, -0,6, -13,7)	3,436
11	Proband 2	(-14,6, -0,7, -13,7)	3,447
11	Proband 2	(-14,9, -1,0, -13,3)	3,458
11	Proband 2	(-14,6, -0,9, -13,6)	3,469
11	Proband 2	(-15,0, -0,6, -13,2)	3,491
11	Proband 2	(-15,1, -0,7, -13,1)	3,503
11	Proband 2	(-15,5, -0,8, -12,6)	3,513
11	Proband 2	(-16,0, -0,9, -12,0)	3,524
11	Proband 2	(-17,1, -0,5, -10,3)	3,536
11	Proband 2	(-17,6, -0,9, -9,4)	3,546
11	Proband 2	(-17,5, -1,2, -9,6)	3,557
11	Proband 2	(-17,7, -1,0, -9,3)	3,569
11	Proband 2	(-17,7, -1,1, -9,2)	3,58
11	Proband 2	(-17,6, -0,9, -9,5)	3,59
11	Proband 2	(-17,6, -1,0, -9,4)	3,603
11	Proband 2	(-17,8, -1,2, -9,1)	3,613
11	Proband 2	(-17,7, -1,2, -9,3)	3,624
11	Proband 2	(-17,7, -1,2, -9,1)	3,636
11	Proband 2	(-17,8, -1,1, -9,0)	3,647
11	Proband 2	(-17,8, -1,1, -9,1)	3,658
11	Proband 2	(-17,9, -1,0, -8,9)	3,669
11	Proband 2	(-17,9, -1,0, -8,8)	3,68
11	Proband 2	(-17,9, -1,0, -8,8)	3,691
11	Proband 2	(-18,0, -0,9, -8,7)	3,702
11	Proband 2	(-18,0, -0,9, -8,6)	3,713
11	Proband 2	(-18,1, -0,9, -8,6)	3,725
11	Proband 2	(-18,1, -0,9, -8,5)	3,735
11	Proband 2	(-18,1, -0,9, -8,5)	3,747
11	Proband 2	(-18,1, -0,8, -8,5)	3,757
11	Proband 2	(-18,1, -0,9, -8,5)	3,768
11	Proband 2	(-18,1, -0,8, -8,4)	3,779
11	Proband 2	(-18,1, -0,9, -8,4)	3,791
11	Proband 2	(-18,2, -0,9, -8,4)	3,802
11	Proband 2	(-18,3, -0,5, -8,0)	3,814
11	Proband 2	(-18,4, -0,3, -7,9)	3,825
11	Proband 2	(-18,3, -0,1, -8,0)	3,836
11	Proband 2	(-18,4, 0,0, -7,8)	3,847
11	Proband 2	(-18,4, -0,2, -7,9)	3,858
11	Proband 2	(-18,4, -0,1, -7,8)	3,869
11	Proband 2	(-18,4, -0,1, -7,8)	3,88
11	Proband 2	(-18,4, -0,1, -7,8)	3,891
11	Proband 2	(-18,4, -0,1, -7,8)	3,901
11	Proband 2	(-18,4, -0,1, -7,8)	3,912
11	Proband 2	(-18,5, 0,0, -7,7)	3,924
11	Proband 2	(-18,5, -0,1, -7,5)	3,935
11	Proband 2	(-18,7, -0,2, -7,2)	3,947
11	Proband 2	(-18,7, -0,3, -7,2)	3,958
11	Proband 2	(-18,7, -0,3, -7,2)	3,969
11	Proband 2	(-18,9, -0,3, -6,6)	3,98
11	Proband 2	(-18,9, 0,0, -6,5)	3,991
11	Proband 2	(-18,7, -0,4, -7,1)	4,002
11	Proband 2	(-17,7, -0,9, -9,3)	4,013
11	Proband 2	(2,0, -1,4, -19,9)	4,18
11	Proband 2	(0,7, -1,2, -20,0)	4,191
11	Proband 2	(1,1, -1,1, -19,9)	4,203
11	Proband 2	(1,3, -1,3, -19,9)	4,212
11	Proband 2	(1,5, -1,1, -19,9)	4,223
11	Proband 2	(2,7, -0,8, -19,8)	4,235
11	Proband 2	(1,9, -1,2, -19,9)	4,246
11	Proband 2	(1,6, -1,0, -19,9)	4,258
11	Proband 2	(1,8, -0,8, -19,9)	4,268
11	Proband 2	(2,1, -0,9, -19,9)	4,28
11	Proband 2	(2,0, -1,0, -19,9)	4,291
11	Proband 2	(2,1, -0,9, -19,9)	4,302
11	Proband 2	(2,3, -1,0, -19,8)	4,313
11	Proband 2	(2,4, -1,1, -19,8)	4,324
11	Proband 2	(2,5, -1,0, -19,8)	4,335
11	Proband 2	(2,6, -1,0, -19,8)	4,346
11	Proband 2	(2,6, -1,1, -19,8)	4,358
11	Proband 2	(2,7, -1,1, -19,8)	4,368
11	Proband 2	(2,7, -1,0, -19,8)	4,38
11	Proband 2	(0,8, -0,9, -20,0)	4,391
11	Proband 2	(0,0, -1,2, -20,0)	4,401
11	Proband 2	(-0,1, -1,2, -20,0)	4,412
11	Proband 2	(0,1, -1,3, -20,0)	4,424
11	Proband 2	(0,0, -1,3, -20,0)	4,435
11	Proband 2	(0,0, -1,3, -20,0)	4,447
11	Proband 2	(0,1, -1,0, -20,0)	4,457
11	Proband 2	(0,1, -1,1, -20,0)	4,468
11	Proband 2	(0,1, -1,3, -20,0)	4,48
11	Proband 2	(0,2, -1,2, -20,0)	4,49
11	Proband 2	(0,2, -1,2, -20,0)	4,502
11	Proband 2	(0,2, -1,2, -20,0)	4,513
11	Proband 2	(0,2, -1,1, -20,0)	4,525
11	Proband 2	(0,2, -1,0, -20,0)	4,536
11	Proband 2	(0,1, -1,0, -20,0)	4,546
11	Proband 2	(0,1, -1,0, -20,0)	4,557
11	Proband 2	(0,1, -1,0, -20,0)	4,568
11	Proband 2	(0,1, -1,0, -20,0)	4,579
11	Proband 2	(0,1, -1,0, -20,0)	4,59
11	Proband 2	(0,1, -1,0, -20,0)	4,601
11	Proband 2	(0,1, -1,0, -20,0)	4,613
11	Proband 2	(0,2, -1,0, -20,0)	4,624
11	Proband 2	(0,2, -1,0, -20,0)	4,635
11	Proband 2	(0,2, -1,0, -20,0)	4,647
11	Proband 2	(0,2, -1,0, -20,0)	4,657
11	Proband 2	(0,2, -1,0, -20,0)	4,668
11	Proband 2	(0,2, -1,0, -20,0)	4,68
11	Proband 2	(0,2, -1,0, -20,0)	4,69
11	Proband 2	(0,1, -1,0, -20,0)	4,702
11	Proband 2	(0,1, -1,0, -20,0)	4,713
11	Proband 2	(0,1, -1,0, -20,0)	4,724
11	Proband 2	(0,1, -1,0, -20,0)	4,735
11	Proband 2	(0,2, -1,0, -20,0)	4,746
11	Proband 2	(0,2, -1,0, -20,0)	4,757
11	Proband 2	(0,2, -1,0, -20,0)	4,769
11	Proband 2	(2,9, 0,1, 19,8)	4,78
11	Proband 2	(0,2, -1,0, -20,0)	4,79
11	Proband 2	(0,2, -1,0, -20,0)	4,801
11	Proband 2	(0,2, -1,0, -20,0)	4,813
11	Proband 2	(0,2, -1,0, -20,0)	4,824
11	Proband 2	(0,2, -1,0, -20,0)	4,835
11	Proband 2	(0,2, -1,0, -20,0)	4,845
11	Proband 2	(0,2, -1,0, -20,0)	4,857
11	Proband 2	(0,2, -1,0, -20,0)	4,868
11	Proband 2	(0,2, -1,0, -20,0)	4,88
11	Proband 2	(0,2, -1,0, -20,0)	4,891
11	Proband 2	(0,2, -1,0, -20,0)	4,902
11	Proband 2	(0,2, -1,0, -20,0)	4,912
11	Proband 2	(0,2, -0,9, -20,0)	4,925
11	Proband 2	(0,2, -1,0, -20,0)	4,935
11	Proband 2	(0,2, -1,0, -20,0)	4,946
11	Proband 2	(0,2, -1,0, -20,0)	4,957
11	Proband 2	(0,3, -1,0, -20,0)	4,969
11	Proband 2	(0,3, -1,0, -20,0)	4,979
11	Proband 2	(0,3, -1,0, -20,0)	4,991
11	Proband 2	(0,3, -1,0, -20,0)	5,001
11	Proband 2	(0,3, -1,0, -20,0)	5,012
11	Proband 2	(0,3, -1,0, -20,0)	5,023
11	Proband 2	(0,3, -1,0, -20,0)	5,035
11	Proband 2	(0,3, -1,0, -20,0)	5,046
11	Proband 2	(0,3, -1,0, -20,0)	5,057
11	Proband 2	(0,3, -1,0, -20,0)	5,068
11	Proband 2	(0,3, -1,0, -20,0)	5,079
11	Proband 2	(0,3, -1,0, -20,0)	5,09
11	Proband 2	(0,3, -1,0, -20,0)	5,102
11	Proband 2	(0,3, -1,0, -20,0)	5,113
11	Proband 2	(0,3, -1,0, -20,0)	5,124
11	Proband 2	(0,3, -1,0, -20,0)	5,135
11	Proband 2	(0,3, -1,0, -20,0)	5,146
11	Proband 2	(0,3, -1,0, -20,0)	5,156
11	Proband 2	(0,3, -1,0, -20,0)	5,168
11	Proband 2	(0,3, -1,0, -20,0)	5,179
11	Proband 2	(0,4, -1,0, -20,0)	5,191
11	Proband 2	(0,4, -1,0, -20,0)	5,201
11	Proband 2	(0,4, -1,0, -20,0)	5,213
11	Proband 2	(0,4, -1,0, -20,0)	5,224
11	Proband 2	(0,4, -1,0, -20,0)	5,235
11	Proband 2	(0,4, -1,0, -20,0)	5,245
11	Proband 2	(0,4, -1,0, -20,0)	5,257
11	Proband 2	(0,4, -1,0, -20,0)	5,268
11	Proband 2	(0,4, -1,0, -20,0)	5,279
11	Proband 2	(0,5, -1,0, -20,0)	5,291
11	Proband 2	(0,5, -1,0, -20,0)	5,302
11	Proband 2	(0,5, -1,0, -20,0)	5,313
11	Proband 2	(0,5, -1,0, -20,0)	5,323
11	Proband 2	(0,5, -1,0, -20,0)	5,335
11	Proband 2	(0,5, -1,0, -20,0)	5,346
11	Proband 2	(0,5, -1,0, -20,0)	5,356
11	Proband 2	(0,6, -1,0, -20,0)	5,368
11	Proband 2	(0,6, -1,0, -20,0)	5,379
11	Proband 2	(0,6, -1,0, -20,0)	5,391
11	Proband 2	(0,6, -1,0, -20,0)	5,402
11	Proband 2	(0,7, -1,0, -20,0)	5,412
11	Proband 2	(0,5, -1,1, -20,0)	5,423
11	Proband 2	(0,4, -1,2, -20,0)	5,435
11	Proband 2	(0,4, -1,2, -20,0)	5,445
11	Proband 2	(0,5, -1,2, -20,0)	5,457
11	Proband 2	(0,4, -1,1, -20,0)	5,467
11	Proband 2	(0,3, -1,2, -20,0)	5,479
11	Proband 2	(-0,2, -1,0, -20,0)	5,49
11	Proband 2	(0,0, -0,9, -20,0)	5,502
11	Proband 2	(0,1, -0,9, -20,0)	5,513
11	Proband 2	(0,7, -1,0, -20,0)	5,523
11	Proband 2	(0,6, -0,9, -20,0)	5,534
11	Proband 2	(0,7, -0,9, -20,0)	5,546
11	Proband 2	(0,9, -1,0, -20,0)	5,557
11	Proband 2	(1,0, -1,0, -20,0)	5,568
11	Proband 2	(1,0, -1,1, -19,9)	5,578
11	Proband 2	(1,1, -1,0, -19,9)	5,59
11	Proband 2	(1,2, -1,0, -19,9)	5,601
11	Proband 2	(1,2, -1,0, -19,9)	5,613
11	Proband 2	(1,2, -1,0, -19,9)	5,623
11	Proband 2	(1,2, -0,9, -19,9)	5,635
11	Proband 2	(1,2, -0,9, -19,9)	5,646
11	Proband 2	(1,2, -0,9, -19,9)	5,657
11	Proband 2	(1,2, -0,9, -19,9)	5,668
11	Proband 2	(1,1, -0,9, -19,9)	5,679
11	Proband 2	(1,1, -0,9, -19,9)	5,689
11	Proband 2	(1,1, -0,9, -19,9)	5,702
11	Proband 2	(1,1, -1,0, -19,9)	5,713
11	Proband 2	(1,2, -1,0, -19,9)	5,723
11	Proband 2	(1,2, -1,0, -19,9)	5,734
11	Proband 2	(1,2, -1,0, -19,9)	5,746
11	Proband 2	(1,2, -1,0, -19,9)	5,757
11	Proband 2	(1,2, -1,0, -19,9)	5,768
11	Proband 2	(1,3, -1,0, -19,9)	5,779
11	Proband 2	(1,3, -1,0, -19,9)	5,79
11	Proband 2	(1,3, -1,0, -19,9)	5,801
11	Proband 2	(1,3, -1,0, -19,9)	5,812
11	Proband 2	(1,2, -1,0, -19,9)	5,824
11	Proband 2	(1,0, -0,9, -20,0)	5,835
11	Proband 2	(0,2, -1,0, -20,0)	5,845
11	Proband 2	(-1,8, -1,2, -19,9)	5,856
11	Proband 2	(-1,6, -1,4, -19,9)	5,868
11	Proband 2	(-1,7, -1,2, -19,9)	5,879
11	Proband 2	(-1,6, -1,2, -19,9)	5,89
11	Proband 2	(-1,4, -1,2, -19,9)	5,902
11	Proband 2	(-1,3, -1,3, -19,9)	5,912
11	Proband 2	(-1,1, -1,2, -19,9)	5,924
11	Proband 2	(-1,2, -1,3, -19,9)	5,934
11	Proband 2	(-1,4, -1,2, -19,9)	5,946
11	Proband 2	(-1,0, -1,1, -19,9)	5,956
11	Proband 2	(-0,9, -1,2, -19,9)	5,968
11	Proband 2	(-1,1, -1,1, -19,9)	5,979
11	Proband 2	(-0,8, -1,3, -19,9)	5,989
11	Proband 2	(-0,9, -1,3, -19,9)	6,001
11	Proband 2	(-1,0, -1,2, -19,9)	6,012
11	Proband 2	(-0,6, -1,3, -19,9)	6,023
11	Proband 2	(-1,0, -1,2, -19,9)	6,034
11	Proband 2	(-1,8, -1,2, -19,9)	6,046
11	Proband 2	(-4,3, -1,1, -19,5)	6,056
11	Proband 2	(-5,8, -1,0, -19,1)	6,068
11	Proband 2	(-7,2, -0,9, -18,6)	6,079
11	Proband 2	(-9,3, -0,6, -17,7)	6,09
11	Proband 2	(-10,7, -0,3, -16,9)	6,101
11	Proband 2	(-12,3, -0,1, -15,8)	6,112
11	Proband 2	(-13,9, 0,1, -14,4)	6,123
11	Proband 2	(-14,8, 0,0, -13,4)	6,135
11	Proband 2	(-16,6, 0,2, -11,2)	6,18
11	Proband 2	(-16,5, 0,1, -11,4)	6,19
11	Proband 2	(-16,3, -0,1, -11,5)	6,201
11	Proband 2	(-16,4, 0,1, -11,4)	6,212
11	Proband 2	(-16,5, 0,0, -11,3)	6,223
11	Proband 2	(-16,5, -0,2, -11,3)	6,234
11	Proband 2	(-16,6, 0,0, -11,1)	6,246
11	Proband 2	(-16,6, -0,2, -11,2)	6,256
11	Proband 2	(-16,8, 0,0, -10,9)	6,267
11	Proband 2	(-16,8, -0,1, -10,8)	6,279
11	Proband 2	(-16,8, 0,0, -10,8)	6,29
11	Proband 2	(-17,0, 0,0, -10,6)	6,301
11	Proband 2	(-17,1, 0,0, -10,5)	6,312
11	Proband 2	(-17,2, -0,1, -10,2)	6,322
11	Proband 2	(-17,4, -0,1, -9,8)	6,334
11	Proband 2	(-17,1, -0,1, -10,4)	6,345
11	Proband 2	(-15,4, 0,3, -12,8)	6,356
11	Proband 2	(-14,0, 0,5, -14,2)	6,368
11	Proband 2	(-13,0, 0,5, -15,2)	6,379
11	Proband 2	(-10,5, 0,7, -17,0)	6,39
11	Proband 2	(-7,2, 0,5, -18,7)	6,402
11	Proband 2	(-6,4, 1,4, -18,9)	6,413
11	Proband 2	(-4,6, 1,9, -19,4)	6,423
11	Proband 2	(0,1, 0,9, -20,0)	6,435
11	Proband 2	(2,4, 0,8, -19,8)	6,446
11	Proband 2	(3,5, 1,0, -19,7)	6,457
11	Proband 2	(7,5, -0,7, -18,5)	6,49
11	Proband 2	(9,4, -0,9, -17,6)	6,501
11	Proband 2	(10,7, -1,3, -16,9)	6,512
11	Proband 2	(14,1, -1,6, -14,1)	6,59
11	Proband 2	(14,9, -1,6, -13,2)	6,601
11	Proband 2	(15,1, -1,6, -13,0)	6,612
11	Proband 2	(14,8, -1,7, -13,4)	6,623
11	Proband 2	(14,9, -1,8, -13,2)	6,634
11	Proband 2	(15,2, -1,8, -12,9)	6,645
11	Proband 2	(15,2, -1,8, -12,9)	6,656
11	Proband 2	(15,5, -1,5, -12,5)	6,668
11	Proband 2	(15,6, -1,4, -12,4)	6,679
11	Proband 2	(15,8, -1,5, -12,2)	6,69
11	Proband 2	(15,8, -1,5, -12,2)	6,701
11	Proband 2	(15,9, -1,5, -12,0)	6,713
11	Proband 2	(16,0, -1,5, -11,9)	6,723
11	Proband 2	(16,0, -1,5, -11,8)	6,734
11	Proband 2	(16,1, -1,5, -11,7)	6,746
11	Proband 2	(16,2, -1,4, -11,6)	6,756
11	Proband 2	(16,1, -1,4, -11,7)	6,767
11	Proband 2	(15,5, -1,7, -12,6)	6,779
11	Proband 2	(14,9, -1,7, -13,2)	6,789
11	Proband 2	(14,9, -1,8, -13,2)	6,801
11	Proband 2	(14,9, -2,1, -13,2)	6,812
11	Proband 2	(15,1, -2,3, -13,0)	6,823
11	Proband 2	(15,1, -2,3, -12,9)	6,835
11	Proband 2	(15,0, -2,4, -13,0)	6,846
11	Proband 2	(15,2, -2,3, -12,8)	6,857
11	Proband 2	(15,2, -2,2, -12,9)	6,868
11	Proband 2	(15,2, -2,2, -12,8)	6,879
11	Proband 2	(15,4, -1,9, -12,6)	6,89
11	Proband 2	(15,3, -1,8, -12,7)	6,901
11	Proband 2	(15,0, -1,8, -13,1)	6,912
11	Proband 2	(13,1, -1,6, -15,1)	6,923
11	Proband 2	(11,7, -1,6, -16,1)	6,935
11	Proband 2	(10,6, -1,8, -16,8)	6,946
11	Proband 2	(9,8, -1,5, -17,4)	6,957
11	Proband 2	(9,8, -1,6, -17,4)	6,968
11	Proband 2	(9,7, -1,6, -17,4)	6,978
11	Proband 2	(10,0, -1,9, -17,2)	6,99
11	Proband 2	(9,6, -1,9, -17,5)	7
11	Proband 2	(8,1, -1,7, -18,2)	7,012
11	Proband 2	(5,6, -1,2, -19,2)	7,023
11	Proband 2	(3,8, -1,1, -19,6)	7,034
11	Proband 2	(2,3, -1,0, -19,8)	7,045
11	Proband 2	(2,5, -1,4, -19,8)	7,056
11	Proband 2	(2,0, -1,3, -19,9)	7,068
11	Proband 2	(1,8, -1,4, -19,9)	7,078
11	Proband 2	(2,4, -1,2, -19,8)	7,089
11	Proband 2	(2,3, -1,1, -19,8)	7,101
11	Proband 2	(1,9, -1,1, -19,9)	7,112
11	Proband 2	(-0,6, -0,6, -20,0)	7,123
11	Proband 2	(-2,6, -0,4, -19,8)	7,134
11	Proband 2	(-4,4, -0,1, -19,5)	7,145
11	Proband 2	(-7,5, 0,2, -18,5)	7,156
11	Proband 2	(-9,7, 0,3, -17,5)	7,167
11	Proband 2	(-11,0, 0,0, -16,7)	7,178
11	Proband 2	(-12,9, -0,3, -15,3)	7,19
11	Proband 2	(-13,1, -0,3, -15,1)	7,201
11	Proband 2	(-12,9, -0,8, -15,3)	7,212
11	Proband 2	(-13,1, -0,9, -15,1)	7,223
11	Proband 2	(-13,3, -0,5, -14,9)	7,234
11	Proband 2	(-12,9, -0,8, -15,3)	7,245
11	Proband 2	(-13,1, -0,7, -15,1)	7,256
11	Proband 2	(-13,3, -0,7, -14,9)	7,267
11	Proband 2	(-13,4, -0,9, -14,8)	7,278
11	Proband 2	(-13,3, -0,9, -14,9)	7,289
11	Proband 2	(-13,4, -0,8, -14,8)	7,301
11	Proband 2	(-13,6, -0,8, -14,6)	7,312
11	Proband 2	(-13,6, -0,6, -14,7)	7,323
11	Proband 2	(-13,7, -0,8, -14,5)	7,334
11	Proband 2	(-13,8, -0,8, -14,4)	7,345
11	Proband 2	(-13,9, -0,7, -14,4)	7,356
11	Proband 2	(-14,0, -0,7, -14,3)	7,367
11	Proband 2	(-14,0, -0,7, -14,3)	7,378
11	Proband 2	(-14,9, -0,5, -13,3)	7,39
11	Proband 2	(-15,8, -0,3, -12,3)	7,4
11	Proband 2	(-16,8, -0,2, -10,9)	7,412
11	Proband 2	(-16,7, -0,2, -10,9)	7,423
11	Proband 2	(-16,8, -0,1, -10,9)	7,435
11	Proband 2	(-16,8, -0,1, -10,9)	7,445
11	Proband 2	(-16,8, -0,3, -10,8)	7,457
11	Proband 2	(-16,9, -0,1, -10,7)	7,467
11	Proband 2	(-17,0, 0,1, -10,5)	7,479
11	Proband 2	(-16,9, 0,1, -10,6)	7,489
11	Proband 2	(-16,8, 0,1, -10,8)	7,501
11	Proband 2	(-16,9, 0,1, -10,8)	7,512
11	Proband 2	(-16,9, 0,1, -10,8)	7,522
11	Proband 2	(-16,9, 0,0, -10,7)	7,534
11	Proband 2	(-16,8, -0,1, -10,8)	7,545
11	Proband 2	(-17,0, -0,2, -10,5)	7,556
11	Proband 2	(-17,0, -0,2, -10,6)	7,567
11	Proband 2	(-17,1, -0,1, -10,4)	7,578
11	Proband 2	(-16,8, -0,2, -10,9)	7,589
11	Proband 2	(-17,1, 0,1, -10,3)	7,601
11	Proband 2	(-16,6, -0,1, -11,2)	7,612
11	Proband 2	(-16,7, -0,3, -11,1)	7,623
11	Proband 2	(-16,6, -0,3, -11,1)	7,634
11	Proband 2	(-16,6, -0,2, -11,1)	7,645
11	Proband 2	(-16,5, -0,2, -11,2)	7,656
11	Proband 2	(-16,5, -0,1, -11,3)	7,667
11	Proband 2	(-16,5, -0,1, -11,3)	7,678
11	Proband 2	(-16,5, -0,1, -11,3)	7,689
11	Proband 2	(-16,6, -0,2, -11,2)	7,7
11	Proband 2	(-16,0, -0,4, -12,0)	7,711
11	Proband 2	(-14,9, 0,0, -13,4)	7,723
11	Proband 2	(-12,1, 0,3, -15,9)	7,734
11	Proband 2	(-10,7, 0,4, -16,9)	7,745
11	Proband 2	(-7,8, 0,4, -18,4)	7,756
11	Proband 2	(-6,4, 0,2, -18,9)	7,767
11	Proband 2	(-5,6, 0,0, -19,2)	7,778
11	Proband 2	(0,1, -0,2, -20,0)	7,789
11	Proband 2	(-1,5, 0,3, -19,9)	7,8
11	Proband 2	(-0,6, 0,3, -20,0)	7,811
11	Proband 2	(3,8, -0,6, -19,6)	7,856
11	Proband 2	(2,6, -0,6, -19,8)	7,89
11	Proband 2	(3,8, -0,3, -19,6)	7,901
11	Proband 2	(4,2, -0,3, -19,5)	7,912
11	Proband 2	(4,3, -0,3, -19,5)	7,923
11	Proband 2	(4,2, -0,3, -19,6)	7,934
11	Proband 2	(4,8, -0,2, -19,4)	7,944
11	Proband 2	(4,3, -0,2, -19,5)	7,956
11	Proband 2	(4,5, -0,3, -19,5)	7,967
11	Proband 2	(4,4, -0,4, -19,5)	7,978
11	Proband 2	(4,4, -0,5, -19,5)	7,99
11	Proband 2	(4,5, -0,4, -19,5)	8,001
11	Proband 2	(4,6, -0,6, -19,5)	8,011
11	Proband 2	(4,8, -0,6, -19,4)	8,022
11	Proband 2	(4,8, -0,5, -19,4)	8,034
11	Proband 2	(4,9, -0,5, -19,4)	8,045
11	Proband 2	(6,8, -0,4, -18,8)	8,056
11	Proband 2	(8,1, -0,6, -18,3)	8,067
11	Proband 2	(9,3, -0,7, -17,7)	8,078
11	Proband 2	(9,3, -0,6, -17,7)	8,089
11	Proband 2	(9,4, -0,6, -17,7)	8,1
11	Proband 2	(9,4, -0,7, -17,7)	8,111
11	Proband 2	(9,0, -0,9, -17,9)	8,122
11	Proband 2	(8,7, -1,1, -18,0)	8,134
11	Proband 2	(9,0, -0,9, -17,8)	8,144
11	Proband 2	(8,9, -1,0, -17,9)	8,156
11	Proband 2	(8,9, -0,9, -17,9)	8,167
11	Proband 2	(9,0, -0,9, -17,8)	8,178
11	Proband 2	(9,1, -0,8, -17,8)	8,189
11	Proband 2	(9,2, -0,8, -17,8)	8,201
11	Proband 2	(9,0, -0,9, -17,8)	8,211
11	Proband 2	(9,1, -0,9, -17,8)	8,222
11	Proband 2	(9,1, -0,8, -17,8)	8,233
11	Proband 2	(9,1, -0,8, -17,8)	8,244
11	Proband 2	(9,1, -0,7, -17,8)	8,256
11	Proband 2	(9,1, -0,7, -17,8)	8,267
11	Proband 2	(9,0, -0,7, -17,8)	8,278
11	Proband 2	(9,7, -0,4, -17,5)	8,289
11	Proband 2	(9,5, -0,5, -17,6)	8,3
11	Proband 2	(9,2, -0,9, -17,8)	8,311
11	Proband 2	(6,3, 0,1, -19,0)	8,323
11	Proband 2	(4,5, 0,4, -19,5)	8,333
11	Proband 2	(2,4, 0,4, -19,8)	8,345
11	Proband 2	(-1,3, 0,5, -20,0)	8,356
11	Proband 2	(-7,7, 0,0, -18,5)	8,39
11	Proband 2	(-9,6, 0,5, -17,6)	8,401
11	Proband 2	(-11,1, 0,6, -16,6)	8,411
11	Proband 2	(-15,8, -0,6, -12,2)	8,466
11	Proband 2	(-16,6, -0,4, -11,1)	8,512
11	Proband 2	(-16,5, -0,6, -11,4)	8,523
11	Proband 2	(-16,5, -0,9, -11,3)	8,534
11	Proband 2	(-16,7, -0,8, -10,9)	8,567
11	Proband 2	(-16,8, -0,8, -10,8)	8,578
11	Proband 2	(-16,7, -0,8, -11,0)	8,589
11	Proband 2	(-16,8, -0,9, -10,8)	8,6
11	Proband 2	(-16,9, -0,8, -10,7)	8,611
11	Proband 2	(-16,9, -0,3, -10,7)	8,622
11	Proband 2	(-17,0, -0,5, -10,6)	8,633
11	Proband 2	(-16,8, -0,4, -10,8)	8,644
11	Proband 2	(-15,5, -0,8, -12,6)	8,655
11	Proband 2	(-15,6, -0,6, -12,5)	8,666
11	Proband 2	(-15,7, -0,6, -12,4)	8,678
11	Proband 2	(-16,0, -0,6, -12,0)	8,689
11	Proband 2	(-16,3, -0,5, -11,6)	8,7
11	Proband 2	(-15,9, -0,6, -12,1)	8,711
11	Proband 2	(-15,8, -0,9, -12,2)	8,722
11	Proband 2	(-15,7, -0,8, -12,3)	8,733
11	Proband 2	(-15,6, -0,7, -12,5)	8,745
11	Proband 2	(-15,6, -0,7, -12,5)	8,755
11	Proband 2	(-15,6, -0,8, -12,5)	8,767
11	Proband 2	(-15,7, -0,9, -12,3)	8,777
11	Proband 2	(-15,7, -0,9, -12,4)	8,788
11	Proband 2	(-15,7, -1,1, -12,4)	8,8
11	Proband 2	(-15,6, -1,2, -12,5)	8,811
11	Proband 2	(-15,6, -1,1, -12,5)	8,822
11	Proband 2	(-15,5, -1,2, -12,5)	8,833
11	Proband 2	(-15,5, -1,3, -12,5)	8,844
11	Proband 2	(-15,5, -1,4, -12,5)	8,856
11	Proband 2	(-15,5, -1,4, -12,5)	8,866
11	Proband 2	(-15,5, -1,4, -12,5)	8,878
11	Proband 2	(-15,3, -1,4, -12,8)	8,889
11	Proband 2	(-15,4, -1,6, -12,7)	8,9
11	Proband 2	(-15,3, -1,7, -12,8)	8,911
11	Proband 2	(-15,3, -1,4, -12,8)	8,922
11	Proband 2	(-14,7, -1,7, -13,4)	8,933
11	Proband 2	(-13,5, -1,6, -14,6)	8,944
11	Proband 2	(-10,9, -1,0, -16,7)	8,956
11	Proband 2	(-9,7, -0,4, -17,5)	8,967
11	Proband 2	(-8,3, -0,2, -18,2)	8,977
11	Proband 2	(-5,2, 0,1, -19,3)	8,988
11	Proband 2	(-4,4, 0,0, -19,5)	9
11	Proband 2	(-3,0, -0,2, -19,8)	9,011
11	Proband 2	(-1,3, -0,4, -20,0)	9,022
11	Proband 2	(1,6, -0,2, -19,9)	9,034
11	Proband 2	(2,7, 0,0, -19,8)	9,044
11	Proband 2	(-1,7, -1,7, -19,9)	9,055
11	Proband 2	(6,3, -0,7, -19,0)	9,067
11	Proband 2	(0,6, -1,2, -20,0)	9,078
11	Proband 2	(6,2, -0,4, -19,0)	9,123
11	Proband 2	(6,8, -0,4, -18,8)	9,133
11	Proband 2	(8,1, -2,5, -18,1)	9,144
11	Proband 2	(6,2, -2,9, -18,8)	9,156
11	Proband 2	(7,0, -2,3, -18,6)	9,167
11	Proband 2	(8,5, 0,0, -18,1)	9,177
11	Proband 2	(8,0, 0,0, -18,3)	9,189
11	Proband 2	(7,8, -0,5, -18,4)	9,2
11	Proband 2	(8,1, -0,4, -18,3)	9,211
11	Proband 2	(8,4, -0,4, -18,2)	9,222
11	Proband 2	(8,7, -0,4, -18,0)	9,233
11	Proband 2	(10,1, -0,6, -17,3)	9,244
11	Proband 2	(9,5, 0,1, -17,6)	9,256
11	Proband 2	(9,9, 0,2, -17,4)	9,266
11	Proband 2	(9,9, 0,4, -17,4)	9,277
11	Proband 2	(8,6, -0,2, -18,1)	9,289
11	Proband 2	(5,2, -0,1, -19,3)	9,3
11	Proband 2	(4,9, -0,9, -19,4)	9,311
11	Proband 2	(2,9, -1,1, -19,8)	9,321
11	Proband 2	(-1,0, -2,3, -19,8)	9,333
11	Proband 2	(-3,4, -2,4, -19,6)	9,344
11	Proband 2	(-4,8, -3,1, -19,2)	9,355
11	Proband 2	(-6,9, -3,2, -18,5)	9,366
11	Proband 2	(-8,9, -3,9, -17,5)	9,377
11	Proband 2	(-11,8, -2,8, -15,9)	9,389
11	Proband 2	(-14,1, -3,3, -13,8)	9,399
11	Proband 2	(-14,4, -3,9, -13,3)	9,411
11	Proband 2	(-15,1, -3,5, -12,6)	9,444
11	Proband 2	(-14,9, -3,8, -12,8)	9,455
11	Proband 2	(-15,5, -3,4, -12,1)	9,489
11	Proband 2	(-15,3, -3,6, -12,3)	9,5
11	Proband 2	(-15,6, -3,8, -12,0)	9,51
11	Proband 2	(-15,3, -3,9, -12,2)	9,522
11	Proband 2	(-15,7, -3,7, -11,8)	9,533
11	Proband 2	(-15,4, -4,1, -12,1)	9,544
11	Proband 2	(-15,4, -4,2, -12,0)	9,555
11	Proband 2	(-15,8, -4,1, -11,5)	9,567
11	Proband 2	(-15,9, -4,1, -11,4)	9,577
11	Proband 2	(-15,9, -4,2, -11,4)	9,589
11	Proband 2	(-15,9, -4,2, -11,3)	9,6
11	Proband 2	(-16,0, -4,4, -11,2)	9,61
11	Proband 2	(-16,2, -4,3, -10,9)	9,622
11	Proband 2	(-16,5, -4,3, -10,5)	9,633
11	Proband 3	(-4,1, -9,6, -4,2)	0
11	Proband 3	(-2,4, -8,9, -5,2)	0,009
11	Proband 3	(0,7, -7,7, -6,9)	0,047
11	Proband 3	(2,1, -7,1, -7,7)	0,062
11	Proband 3	(6,3, -5,4, -10,1)	0,14
11	Proband 3	(6,8, -5,2, -10,3)	0,15
11	Proband 3	(8,5, -4,5, -11,0)	0,185
11	Proband 3	(8,9, -4,4, -11,1)	0,194
11	Proband 3	(9,2, -4,2, -11,2)	0,206
11	Proband 3	(9,8, -4,0, -11,4)	0,218
11	Proband 3	(10,0, -3,9, -11,5)	0,228
11	Proband 3	(10,3, -3,7, -11,5)	0,239
11	Proband 3	(10,8, -3,5, -11,7)	0,25
11	Proband 3	(11,0, -3,4, -11,8)	0,261
11	Proband 3	(11,2, -3,2, -11,8)	0,273
11	Proband 3	(11,4, -3,1, -11,9)	0,284
11	Proband 3	(11,8, -2,9, -12,0)	0,294
11	Proband 3	(12,0, -2,8, -12,0)	0,305
11	Proband 3	(12,3, -2,6, -12,1)	0,317
11	Proband 3	(12,4, -2,5, -12,2)	0,327
11	Proband 3	(12,6, -2,4, -12,2)	0,339
11	Proband 3	(12,8, -2,3, -12,3)	0,35
11	Proband 3	(12,9, -2,2, -12,4)	0,361
11	Proband 3	(13,0, -2,2, -12,4)	0,372
11	Proband 3	(13,2, -2,1, -12,5)	0,384
11	Proband 3	(13,3, -2,1, -12,5)	0,395
11	Proband 3	(13,4, -2,0, -12,6)	0,405
11	Proband 3	(13,4, -2,0, -12,7)	0,417
11	Proband 3	(13,3, -1,9, -12,9)	0,427
11	Proband 3	(13,2, -1,9, -13,2)	0,439
11	Proband 3	(12,8, -1,8, -13,6)	0,451
11	Proband 3	(12,6, -1,8, -13,8)	0,461
11	Proband 3	(12,3, -1,8, -14,1)	0,473
11	Proband 3	(12,0, -1,8, -14,3)	0,483
11	Proband 3	(11,4, -1,7, -14,8)	0,495
11	Proband 3	(11,1, -1,7, -15,0)	0,506
11	Proband 3	(10,9, -1,7, -15,2)	0,517
11	Proband 3	(10,4, -1,6, -15,7)	0,528
11	Proband 3	(10,2, -1,6, -15,9)	0,539
11	Proband 3	(9,8, -1,5, -16,2)	0,55
11	Proband 3	(9,5, -1,5, -16,4)	0,561
11	Proband 3	(9,3, -1,5, -16,6)	0,572
11	Proband 3	(9,0, -1,4, -16,7)	0,583
11	Proband 3	(8,7, -1,4, -17,0)	0,594
11	Proband 3	(8,5, -1,3, -17,1)	0,606
11	Proband 3	(8,3, -1,3, -17,3)	0,617
11	Proband 3	(8,1, -1,3, -17,5)	0,627
11	Proband 3	(7,9, -1,2, -17,6)	0,